30,0,1
301,0,1
572,0,1
843,0,1
1114,0,1
1385,0,1
1656,0,1
1927,0,1
2198,0,1
2469,0,1
2740,0,1
3011,0,1
3282,0,1
3553,0,1
3824,0,1
4095,0,1
4366,0,1
4637,0,1
4908,0,1
5179,0,1
5450,0,1
5721,0,1
5992,0,1
6263,0,1
6534,0,1
6805,0,1
7076,0,1
7347,0,1
7618,0,1
7889,0,1
8160,0,1
60,1,2
331,1,2
602,1,2
873,1,2
1144,1,2
1415,1,2
1686,1,2
1957,1,2
2228,1,2
2499,1,2
2770,1,2
3041,1,2
3312,1,2
3583,1,2
3854,1,2
4125,1,2
4396,1,2
4667,1,2
4938,1,2
5209,1,2
5480,1,2
5751,1,2
6022,1,2
6293,1,2
6564,1,2
6835,1,2
7106,1,2
7377,1,2
7648,1,2
7919,1,2
8190,1,2
90,2,3
361,2,3
632,2,3
903,2,3
1174,2,3
1445,2,3
1716,2,3
1987,2,3
2258,2,3
2529,2,3
2800,2,3
3071,2,3
3342,2,3
3613,2,3
3884,2,3
4155,2,3
4426,2,3
4697,2,3
4968,2,3
5239,2,3
5510,2,3
5781,2,3
6052,2,3
6323,2,3
6594,2,3
6865,2,3
7136,2,3
7407,2,3
7678,2,3
7949,2,3
8220,2,3
120,3,4
391,3,4
662,3,4
933,3,4
1204,3,4
1475,3,4
1746,3,4
2017,3,4
2288,3,4
2559,3,4
2830,3,4
3101,3,4
3372,3,4
3643,3,4
3914,3,4
4185,3,4
4456,3,4
4727,3,4
4998,3,4
5269,3,4
5540,3,4
5811,3,4
6082,3,4
6353,3,4
6624,3,4
6895,3,4
7166,3,4
7437,3,4
7708,3,4
7979,3,4
8250,3,4
150,4,5
421,4,5
692,4,5
963,4,5
1234,4,5
1505,4,5
1776,4,5
2047,4,5
2318,4,5
2589,4,5
2860,4,5
3131,4,5
3402,4,5
3673,4,5
3944,4,5
4215,4,5
4486,4,5
4757,4,5
5028,4,5
5299,4,5
5570,4,5
5841,4,5
6112,4,5
6383,4,5
6654,4,5
6925,4,5
7196,4,5
7467,4,5
7738,4,5
8009,4,5
8280,4,5
180,5,6
451,5,6
722,5,6
993,5,6
1264,5,6
1535,5,6
1806,5,6
2077,5,6
2348,5,6
2619,5,6
2890,5,6
3161,5,6
3432,5,6
3703,5,6
3974,5,6
4245,5,6
4516,5,6
4787,5,6
5058,5,6
5329,5,6
5600,5,6
5871,5,6
6142,5,6
6413,5,6
6684,5,6
6955,5,6
7226,5,6
7497,5,6
7768,5,6
8039,5,6
8310,5,6
210,6,7
481,6,7
752,6,7
1023,6,7
1294,6,7
1565,6,7
1836,6,7
2107,6,7
2378,6,7
2649,6,7
2920,6,7
3191,6,7
3462,6,7
3733,6,7
4004,6,7
4275,6,7
4546,6,7
4817,6,7
5088,6,7
5359,6,7
5630,6,7
5901,6,7
6172,6,7
6443,6,7
6714,6,7
6985,6,7
7256,6,7
7527,6,7
7798,6,7
8069,6,7
8340,6,7
240,7,8
511,7,8
782,7,8
1053,7,8
1324,7,8
1595,7,8
1866,7,8
2137,7,8
2408,7,8
2679,7,8
2950,7,8
3221,7,8
3492,7,8
3763,7,8
4034,7,8
4305,7,8
4576,7,8
4847,7,8
5118,7,8
5389,7,8
5660,7,8
5931,7,8
6202,7,8
6473,7,8
6744,7,8
7015,7,8
7286,7,8
7557,7,8
7828,7,8
8099,7,8
8370,7,8
8160,9,10
8431,9,10
8702,9,10
8973,9,10
9244,9,10
9515,9,10
9786,9,10
10057,9,10
10328,9,10
10599,9,10
10870,9,10
11141,9,10
11412,9,10
11683,9,10
11954,9,10
12225,9,10
12496,9,10
12767,9,10
13038,9,10
13309,9,10
13580,9,10
13851,9,10
14122,9,10
14393,9,10
14664,9,10
14935,9,10
15206,9,10
15477,9,10
15748,9,10
16019,9,10
16290,9,10
8130,9,0
8131,9,0
8132,9,0
8133,9,0
8134,9,0
8135,9,0
8136,9,0
8137,9,0
8138,9,0
8139,9,0
8140,9,0
8141,9,0
8142,9,0
8143,9,0
8144,9,0
8145,9,0
8146,9,0
8147,9,0
8148,9,0
8149,9,0
8150,9,0
8151,9,0
8152,9,0
8153,9,0
8154,9,0
8155,9,0
8156,9,0
8157,9,0
8158,9,0
8159,9,0
8160,9,0
8190,10,11
8461,10,11
8732,10,11
9003,10,11
9274,10,11
9545,10,11
9816,10,11
10087,10,11
10358,10,11
10629,10,11
10900,10,11
11171,10,11
11442,10,11
11713,10,11
11984,10,11
12255,10,11
12526,10,11
12797,10,11
13068,10,11
13339,10,11
13610,10,11
13881,10,11
14152,10,11
14423,10,11
14694,10,11
14965,10,11
15236,10,11
15507,10,11
15778,10,11
16049,10,11
16320,10,11
8160,10,1
8161,10,1
8162,10,1
8163,10,1
8164,10,1
8165,10,1
8166,10,1
8167,10,1
8168,10,1
8169,10,1
8170,10,1
8171,10,1
8172,10,1
8173,10,1
8174,10,1
8175,10,1
8176,10,1
8177,10,1
8178,10,1
8179,10,1
8180,10,1
8181,10,1
8182,10,1
8183,10,1
8184,10,1
8185,10,1
8186,10,1
8187,10,1
8188,10,1
8189,10,1
8190,10,1
8220,11,12
8491,11,12
8762,11,12
9033,11,12
9304,11,12
9575,11,12
9846,11,12
10117,11,12
10388,11,12
10659,11,12
10930,11,12
11201,11,12
11472,11,12
11743,11,12
12014,11,12
12285,11,12
12556,11,12
12827,11,12
13098,11,12
13369,11,12
13640,11,12
13911,11,12
14182,11,12
14453,11,12
14724,11,12
14995,11,12
15266,11,12
15537,11,12
15808,11,12
16079,11,12
16350,11,12
8190,11,2
8191,11,2
8192,11,2
8193,11,2
8194,11,2
8195,11,2
8196,11,2
8197,11,2
8198,11,2
8199,11,2
8200,11,2
8201,11,2
8202,11,2
8203,11,2
8204,11,2
8205,11,2
8206,11,2
8207,11,2
8208,11,2
8209,11,2
8210,11,2
8211,11,2
8212,11,2
8213,11,2
8214,11,2
8215,11,2
8216,11,2
8217,11,2
8218,11,2
8219,11,2
8220,11,2
8250,12,13
8521,12,13
8792,12,13
9063,12,13
9334,12,13
9605,12,13
9876,12,13
10147,12,13
10418,12,13
10689,12,13
10960,12,13
11231,12,13
11502,12,13
11773,12,13
12044,12,13
12315,12,13
12586,12,13
12857,12,13
13128,12,13
13399,12,13
13670,12,13
13941,12,13
14212,12,13
14483,12,13
14754,12,13
15025,12,13
15296,12,13
15567,12,13
15838,12,13
16109,12,13
16380,12,13
8220,12,3
8221,12,3
8222,12,3
8223,12,3
8224,12,3
8225,12,3
8226,12,3
8227,12,3
8228,12,3
8229,12,3
8230,12,3
8231,12,3
8232,12,3
8233,12,3
8234,12,3
8235,12,3
8236,12,3
8237,12,3
8238,12,3
8239,12,3
8240,12,3
8241,12,3
8242,12,3
8243,12,3
8244,12,3
8245,12,3
8246,12,3
8247,12,3
8248,12,3
8249,12,3
8250,12,3
8280,13,14
8551,13,14
8822,13,14
9093,13,14
9364,13,14
9635,13,14
9906,13,14
10177,13,14
10448,13,14
10719,13,14
10990,13,14
11261,13,14
11532,13,14
11803,13,14
12074,13,14
12345,13,14
12616,13,14
12887,13,14
13158,13,14
13429,13,14
13700,13,14
13971,13,14
14242,13,14
14513,13,14
14784,13,14
15055,13,14
15326,13,14
15597,13,14
15868,13,14
16139,13,14
16410,13,14
8250,13,4
8251,13,4
8252,13,4
8253,13,4
8254,13,4
8255,13,4
8256,13,4
8257,13,4
8258,13,4
8259,13,4
8260,13,4
8261,13,4
8262,13,4
8263,13,4
8264,13,4
8265,13,4
8266,13,4
8267,13,4
8268,13,4
8269,13,4
8270,13,4
8271,13,4
8272,13,4
8273,13,4
8274,13,4
8275,13,4
8276,13,4
8277,13,4
8278,13,4
8279,13,4
8280,13,4
8310,14,15
8581,14,15
8852,14,15
9123,14,15
9394,14,15
9665,14,15
9936,14,15
10207,14,15
10478,14,15
10749,14,15
11020,14,15
11291,14,15
11562,14,15
11833,14,15
12104,14,15
12375,14,15
12646,14,15
12917,14,15
13188,14,15
13459,14,15
13730,14,15
14001,14,15
14272,14,15
14543,14,15
14814,14,15
15085,14,15
15356,14,15
15627,14,15
15898,14,15
16169,14,15
16440,14,15
8280,14,5
8281,14,5
8282,14,5
8283,14,5
8284,14,5
8285,14,5
8286,14,5
8287,14,5
8288,14,5
8289,14,5
8290,14,5
8291,14,5
8292,14,5
8293,14,5
8294,14,5
8295,14,5
8296,14,5
8297,14,5
8298,14,5
8299,14,5
8300,14,5
8301,14,5
8302,14,5
8303,14,5
8304,14,5
8305,14,5
8306,14,5
8307,14,5
8308,14,5
8309,14,5
8310,14,5
8340,15,16
8611,15,16
8882,15,16
9153,15,16
9424,15,16
9695,15,16
9966,15,16
10237,15,16
10508,15,16
10779,15,16
11050,15,16
11321,15,16
11592,15,16
11863,15,16
12134,15,16
12405,15,16
12676,15,16
12947,15,16
13218,15,16
13489,15,16
13760,15,16
14031,15,16
14302,15,16
14573,15,16
14844,15,16
15115,15,16
15386,15,16
15657,15,16
15928,15,16
16199,15,16
16470,15,16
8310,15,6
8311,15,6
8312,15,6
8313,15,6
8314,15,6
8315,15,6
8316,15,6
8317,15,6
8318,15,6
8319,15,6
8320,15,6
8321,15,6
8322,15,6
8323,15,6
8324,15,6
8325,15,6
8326,15,6
8327,15,6
8328,15,6
8329,15,6
8330,15,6
8331,15,6
8332,15,6
8333,15,6
8334,15,6
8335,15,6
8336,15,6
8337,15,6
8338,15,6
8339,15,6
8340,15,6
8370,16,17
8641,16,17
8912,16,17
9183,16,17
9454,16,17
9725,16,17
9996,16,17
10267,16,17
10538,16,17
10809,16,17
11080,16,17
11351,16,17
11622,16,17
11893,16,17
12164,16,17
12435,16,17
12706,16,17
12977,16,17
13248,16,17
13519,16,17
13790,16,17
14061,16,17
14332,16,17
14603,16,17
14874,16,17
15145,16,17
15416,16,17
15687,16,17
15958,16,17
16229,16,17
16500,16,17
8340,16,7
8341,16,7
8342,16,7
8343,16,7
8344,16,7
8345,16,7
8346,16,7
8347,16,7
8348,16,7
8349,16,7
8350,16,7
8351,16,7
8352,16,7
8353,16,7
8354,16,7
8355,16,7
8356,16,7
8357,16,7
8358,16,7
8359,16,7
8360,16,7
8361,16,7
8362,16,7
8363,16,7
8364,16,7
8365,16,7
8366,16,7
8367,16,7
8368,16,7
8369,16,7
8370,16,7
8370,17,8
8371,17,8
8372,17,8
8373,17,8
8374,17,8
8375,17,8
8376,17,8
8377,17,8
8378,17,8
8379,17,8
8380,17,8
8381,17,8
8382,17,8
8383,17,8
8384,17,8
8385,17,8
8386,17,8
8387,17,8
8388,17,8
8389,17,8
8390,17,8
8391,17,8
8392,17,8
8393,17,8
8394,17,8
8395,17,8
8396,17,8
8397,17,8
8398,17,8
8399,17,8
8400,17,8
16290,18,19
16561,18,19
16832,18,19
17103,18,19
17374,18,19
17645,18,19
17916,18,19
18187,18,19
18458,18,19
18729,18,19
19000,18,19
19271,18,19
19542,18,19
19813,18,19
20084,18,19
20355,18,19
20626,18,19
20897,18,19
21168,18,19
21439,18,19
21710,18,19
21981,18,19
22252,18,19
22523,18,19
22794,18,19
23065,18,19
23336,18,19
23607,18,19
23878,18,19
24149,18,19
24420,18,19
16260,18,9
16261,18,9
16262,18,9
16263,18,9
16264,18,9
16265,18,9
16266,18,9
16267,18,9
16268,18,9
16269,18,9
16270,18,9
16271,18,9
16272,18,9
16273,18,9
16274,18,9
16275,18,9
16276,18,9
16277,18,9
16278,18,9
16279,18,9
16280,18,9
16281,18,9
16282,18,9
16283,18,9
16284,18,9
16285,18,9
16286,18,9
16287,18,9
16288,18,9
16289,18,9
16290,18,9
16320,19,20
16591,19,20
16862,19,20
17133,19,20
17404,19,20
17675,19,20
17946,19,20
18217,19,20
18488,19,20
18759,19,20
19030,19,20
19301,19,20
19572,19,20
19843,19,20
20114,19,20
20385,19,20
20656,19,20
20927,19,20
21198,19,20
21469,19,20
21740,19,20
22011,19,20
22282,19,20
22553,19,20
22824,19,20
23095,19,20
23366,19,20
23637,19,20
23908,19,20
24179,19,20
24450,19,20
16290,19,10
16291,19,10
16292,19,10
16293,19,10
16294,19,10
16295,19,10
16296,19,10
16297,19,10
16298,19,10
16299,19,10
16300,19,10
16301,19,10
16302,19,10
16303,19,10
16304,19,10
16305,19,10
16306,19,10
16307,19,10
16308,19,10
16309,19,10
16310,19,10
16311,19,10
16312,19,10
16313,19,10
16314,19,10
16315,19,10
16316,19,10
16317,19,10
16318,19,10
16319,19,10
16320,19,10
16350,20,21
16621,20,21
16892,20,21
17163,20,21
17434,20,21
17705,20,21
17976,20,21
18247,20,21
18518,20,21
18789,20,21
19060,20,21
19331,20,21
19602,20,21
19873,20,21
20144,20,21
20415,20,21
20686,20,21
20957,20,21
21228,20,21
21499,20,21
21770,20,21
22041,20,21
22312,20,21
22583,20,21
22854,20,21
23125,20,21
23396,20,21
23667,20,21
23938,20,21
24209,20,21
24480,20,21
16320,20,11
16321,20,11
16322,20,11
16323,20,11
16324,20,11
16325,20,11
16326,20,11
16327,20,11
16328,20,11
16329,20,11
16330,20,11
16331,20,11
16332,20,11
16333,20,11
16334,20,11
16335,20,11
16336,20,11
16337,20,11
16338,20,11
16339,20,11
16340,20,11
16341,20,11
16342,20,11
16343,20,11
16344,20,11
16345,20,11
16346,20,11
16347,20,11
16348,20,11
16349,20,11
16350,20,11
16380,21,22
16651,21,22
16922,21,22
17193,21,22
17464,21,22
17735,21,22
18006,21,22
18277,21,22
18548,21,22
18819,21,22
19090,21,22
19361,21,22
19632,21,22
19903,21,22
20174,21,22
20445,21,22
20716,21,22
20987,21,22
21258,21,22
21529,21,22
21800,21,22
22071,21,22
22342,21,22
22613,21,22
22884,21,22
23155,21,22
23426,21,22
23697,21,22
23968,21,22
24239,21,22
24510,21,22
16350,21,12
16351,21,12
16352,21,12
16353,21,12
16354,21,12
16355,21,12
16356,21,12
16357,21,12
16358,21,12
16359,21,12
16360,21,12
16361,21,12
16362,21,12
16363,21,12
16364,21,12
16365,21,12
16366,21,12
16367,21,12
16368,21,12
16369,21,12
16370,21,12
16371,21,12
16372,21,12
16373,21,12
16374,21,12
16375,21,12
16376,21,12
16377,21,12
16378,21,12
16379,21,12
16380,21,12
16410,22,23
16681,22,23
16952,22,23
17223,22,23
17494,22,23
17765,22,23
18036,22,23
18307,22,23
18578,22,23
18849,22,23
19120,22,23
19391,22,23
19662,22,23
19933,22,23
20204,22,23
20475,22,23
20746,22,23
21017,22,23
21288,22,23
21559,22,23
21830,22,23
22101,22,23
22372,22,23
22643,22,23
22914,22,23
23185,22,23
23456,22,23
23727,22,23
23998,22,23
24269,22,23
24540,22,23
16380,22,13
16381,22,13
16382,22,13
16383,22,13
16384,22,13
16385,22,13
16386,22,13
16387,22,13
16388,22,13
16389,22,13
16390,22,13
16391,22,13
16392,22,13
16393,22,13
16394,22,13
16395,22,13
16396,22,13
16397,22,13
16398,22,13
16399,22,13
16400,22,13
16401,22,13
16402,22,13
16403,22,13
16404,22,13
16405,22,13
16406,22,13
16407,22,13
16408,22,13
16409,22,13
16410,22,13
16440,23,24
16711,23,24
16982,23,24
17253,23,24
17524,23,24
17795,23,24
18066,23,24
18337,23,24
18608,23,24
18879,23,24
19150,23,24
19421,23,24
19692,23,24
19963,23,24
20234,23,24
20505,23,24
20776,23,24
21047,23,24
21318,23,24
21589,23,24
21860,23,24
22131,23,24
22402,23,24
22673,23,24
22944,23,24
23215,23,24
23486,23,24
23757,23,24
24028,23,24
24299,23,24
24570,23,24
16410,23,14
16411,23,14
16412,23,14
16413,23,14
16414,23,14
16415,23,14
16416,23,14
16417,23,14
16418,23,14
16419,23,14
16420,23,14
16421,23,14
16422,23,14
16423,23,14
16424,23,14
16425,23,14
16426,23,14
16427,23,14
16428,23,14
16429,23,14
16430,23,14
16431,23,14
16432,23,14
16433,23,14
16434,23,14
16435,23,14
16436,23,14
16437,23,14
16438,23,14
16439,23,14
16440,23,14
16470,24,25
16741,24,25
17012,24,25
17283,24,25
17554,24,25
17825,24,25
18096,24,25
18367,24,25
18638,24,25
18909,24,25
19180,24,25
19451,24,25
19722,24,25
19993,24,25
20264,24,25
20535,24,25
20806,24,25
21077,24,25
21348,24,25
21619,24,25
21890,24,25
22161,24,25
22432,24,25
22703,24,25
22974,24,25
23245,24,25
23516,24,25
23787,24,25
24058,24,25
24329,24,25
24600,24,25
16440,24,15
16441,24,15
16442,24,15
16443,24,15
16444,24,15
16445,24,15
16446,24,15
16447,24,15
16448,24,15
16449,24,15
16450,24,15
16451,24,15
16452,24,15
16453,24,15
16454,24,15
16455,24,15
16456,24,15
16457,24,15
16458,24,15
16459,24,15
16460,24,15
16461,24,15
16462,24,15
16463,24,15
16464,24,15
16465,24,15
16466,24,15
16467,24,15
16468,24,15
16469,24,15
16470,24,15
16500,25,26
16771,25,26
17042,25,26
17313,25,26
17584,25,26
17855,25,26
18126,25,26
18397,25,26
18668,25,26
18939,25,26
19210,25,26
19481,25,26
19752,25,26
20023,25,26
20294,25,26
20565,25,26
20836,25,26
21107,25,26
21378,25,26
21649,25,26
21920,25,26
22191,25,26
22462,25,26
22733,25,26
23004,25,26
23275,25,26
23546,25,26
23817,25,26
24088,25,26
24359,25,26
24630,25,26
16470,25,16
16471,25,16
16472,25,16
16473,25,16
16474,25,16
16475,25,16
16476,25,16
16477,25,16
16478,25,16
16479,25,16
16480,25,16
16481,25,16
16482,25,16
16483,25,16
16484,25,16
16485,25,16
16486,25,16
16487,25,16
16488,25,16
16489,25,16
16490,25,16
16491,25,16
16492,25,16
16493,25,16
16494,25,16
16495,25,16
16496,25,16
16497,25,16
16498,25,16
16499,25,16
16500,25,16
16500,26,17
16501,26,17
16502,26,17
16503,26,17
16504,26,17
16505,26,17
16506,26,17
16507,26,17
16508,26,17
16509,26,17
16510,26,17
16511,26,17
16512,26,17
16513,26,17
16514,26,17
16515,26,17
16516,26,17
16517,26,17
16518,26,17
16519,26,17
16520,26,17
16521,26,17
16522,26,17
16523,26,17
16524,26,17
16525,26,17
16526,26,17
16527,26,17
16528,26,17
16529,26,17
16530,26,17
24420,27,28
24691,27,28
24962,27,28
25233,27,28
25504,27,28
25775,27,28
26046,27,28
26317,27,28
26588,27,28
26859,27,28
27130,27,28
27401,27,28
27672,27,28
27943,27,28
28214,27,28
28485,27,28
28756,27,28
29027,27,28
29298,27,28
29569,27,28
29840,27,28
30111,27,28
30382,27,28
30653,27,28
30924,27,28
31195,27,28
31466,27,28
31737,27,28
32008,27,28
32279,27,28
32550,27,28
24390,27,18
24391,27,18
24392,27,18
24393,27,18
24394,27,18
24395,27,18
24396,27,18
24397,27,18
24398,27,18
24399,27,18
24400,27,18
24401,27,18
24402,27,18
24403,27,18
24404,27,18
24405,27,18
24406,27,18
24407,27,18
24408,27,18
24409,27,18
24410,27,18
24411,27,18
24412,27,18
24413,27,18
24414,27,18
24415,27,18
24416,27,18
24417,27,18
24418,27,18
24419,27,18
24420,27,18
24450,28,29
24721,28,29
24992,28,29
25263,28,29
25534,28,29
25805,28,29
26076,28,29
26347,28,29
26618,28,29
26889,28,29
27160,28,29
27431,28,29
27702,28,29
27973,28,29
28244,28,29
28515,28,29
28786,28,29
29057,28,29
29328,28,29
29599,28,29
29870,28,29
30141,28,29
30412,28,29
30683,28,29
30954,28,29
31225,28,29
31496,28,29
31767,28,29
32038,28,29
32309,28,29
32580,28,29
24420,28,19
24421,28,19
24422,28,19
24423,28,19
24424,28,19
24425,28,19
24426,28,19
24427,28,19
24428,28,19
24429,28,19
24430,28,19
24431,28,19
24432,28,19
24433,28,19
24434,28,19
24435,28,19
24436,28,19
24437,28,19
24438,28,19
24439,28,19
24440,28,19
24441,28,19
24442,28,19
24443,28,19
24444,28,19
24445,28,19
24446,28,19
24447,28,19
24448,28,19
24449,28,19
24450,28,19
24480,29,30
24751,29,30
25022,29,30
25293,29,30
25564,29,30
25835,29,30
26106,29,30
26377,29,30
26648,29,30
26919,29,30
27190,29,30
27461,29,30
27732,29,30
28003,29,30
28274,29,30
28545,29,30
28816,29,30
29087,29,30
29358,29,30
29629,29,30
29900,29,30
30171,29,30
30442,29,30
30713,29,30
30984,29,30
31255,29,30
31526,29,30
31797,29,30
32068,29,30
32339,29,30
32610,29,30
24450,29,20
24451,29,20
24452,29,20
24453,29,20
24454,29,20
24455,29,20
24456,29,20
24457,29,20
24458,29,20
24459,29,20
24460,29,20
24461,29,20
24462,29,20
24463,29,20
24464,29,20
24465,29,20
24466,29,20
24467,29,20
24468,29,20
24469,29,20
24470,29,20
24471,29,20
24472,29,20
24473,29,20
24474,29,20
24475,29,20
24476,29,20
24477,29,20
24478,29,20
24479,29,20
24480,29,20
24510,30,31
24781,30,31
25052,30,31
25323,30,31
25594,30,31
25865,30,31
26136,30,31
26407,30,31
26678,30,31
26949,30,31
27220,30,31
27491,30,31
27762,30,31
28033,30,31
28304,30,31
28575,30,31
28846,30,31
29117,30,31
29388,30,31
29659,30,31
29930,30,31
30201,30,31
30472,30,31
30743,30,31
31014,30,31
31285,30,31
31556,30,31
31827,30,31
32098,30,31
32369,30,31
32640,30,31
24480,30,21
24481,30,21
24482,30,21
24483,30,21
24484,30,21
24485,30,21
24486,30,21
24487,30,21
24488,30,21
24489,30,21
24490,30,21
24491,30,21
24492,30,21
24493,30,21
24494,30,21
24495,30,21
24496,30,21
24497,30,21
24498,30,21
24499,30,21
24500,30,21
24501,30,21
24502,30,21
24503,30,21
24504,30,21
24505,30,21
24506,30,21
24507,30,21
24508,30,21
24509,30,21
24510,30,21
24540,31,32
24811,31,32
25082,31,32
25353,31,32
25624,31,32
25895,31,32
26166,31,32
26437,31,32
26708,31,32
26979,31,32
27250,31,32
27521,31,32
27792,31,32
28063,31,32
28334,31,32
28605,31,32
28876,31,32
29147,31,32
29418,31,32
29689,31,32
29960,31,32
30231,31,32
30502,31,32
30773,31,32
31044,31,32
31315,31,32
31586,31,32
31857,31,32
32128,31,32
32399,31,32
32670,31,32
24510,31,22
24511,31,22
24512,31,22
24513,31,22
24514,31,22
24515,31,22
24516,31,22
24517,31,22
24518,31,22
24519,31,22
24520,31,22
24521,31,22
24522,31,22
24523,31,22
24524,31,22
24525,31,22
24526,31,22
24527,31,22
24528,31,22
24529,31,22
24530,31,22
24531,31,22
24532,31,22
24533,31,22
24534,31,22
24535,31,22
24536,31,22
24537,31,22
24538,31,22
24539,31,22
24540,31,22
24570,32,33
24841,32,33
25112,32,33
25383,32,33
25654,32,33
25925,32,33
26196,32,33
26467,32,33
26738,32,33
27009,32,33
27280,32,33
27551,32,33
27822,32,33
28093,32,33
28364,32,33
28635,32,33
28906,32,33
29177,32,33
29448,32,33
29719,32,33
29990,32,33
30261,32,33
30532,32,33
30803,32,33
31074,32,33
31345,32,33
31616,32,33
31887,32,33
32158,32,33
32429,32,33
32700,32,33
24540,32,23
24541,32,23
24542,32,23
24543,32,23
24544,32,23
24545,32,23
24546,32,23
24547,32,23
24548,32,23
24549,32,23
24550,32,23
24551,32,23
24552,32,23
24553,32,23
24554,32,23
24555,32,23
24556,32,23
24557,32,23
24558,32,23
24559,32,23
24560,32,23
24561,32,23
24562,32,23
24563,32,23
24564,32,23
24565,32,23
24566,32,23
24567,32,23
24568,32,23
24569,32,23
24570,32,23
24600,33,34
24871,33,34
25142,33,34
25413,33,34
25684,33,34
25955,33,34
26226,33,34
26497,33,34
26768,33,34
27039,33,34
27310,33,34
27581,33,34
27852,33,34
28123,33,34
28394,33,34
28665,33,34
28936,33,34
29207,33,34
29478,33,34
29749,33,34
30020,33,34
30291,33,34
30562,33,34
30833,33,34
31104,33,34
31375,33,34
31646,33,34
31917,33,34
32188,33,34
32459,33,34
32730,33,34
24570,33,24
24571,33,24
24572,33,24
24573,33,24
24574,33,24
24575,33,24
24576,33,24
24577,33,24
24578,33,24
24579,33,24
24580,33,24
24581,33,24
24582,33,24
24583,33,24
24584,33,24
24585,33,24
24586,33,24
24587,33,24
24588,33,24
24589,33,24
24590,33,24
24591,33,24
24592,33,24
24593,33,24
24594,33,24
24595,33,24
24596,33,24
24597,33,24
24598,33,24
24599,33,24
24600,33,24
24630,34,35
24901,34,35
25172,34,35
25443,34,35
25714,34,35
25985,34,35
26256,34,35
26527,34,35
26798,34,35
27069,34,35
27340,34,35
27611,34,35
27882,34,35
28153,34,35
28424,34,35
28695,34,35
28966,34,35
29237,34,35
29508,34,35
29779,34,35
30050,34,35
30321,34,35
30592,34,35
30863,34,35
31134,34,35
31405,34,35
31676,34,35
31947,34,35
32218,34,35
32489,34,35
32760,34,35
24600,34,25
24601,34,25
24602,34,25
24603,34,25
24604,34,25
24605,34,25
24606,34,25
24607,34,25
24608,34,25
24609,34,25
24610,34,25
24611,34,25
24612,34,25
24613,34,25
24614,34,25
24615,34,25
24616,34,25
24617,34,25
24618,34,25
24619,34,25
24620,34,25
24621,34,25
24622,34,25
24623,34,25
24624,34,25
24625,34,25
24626,34,25
24627,34,25
24628,34,25
24629,34,25
24630,34,25
24630,35,26
24631,35,26
24632,35,26
24633,35,26
24634,35,26
24635,35,26
24636,35,26
24637,35,26
24638,35,26
24639,35,26
24640,35,26
24641,35,26
24642,35,26
24643,35,26
24644,35,26
24645,35,26
24646,35,26
24647,35,26
24648,35,26
24649,35,26
24650,35,26
24651,35,26
24652,35,26
24653,35,26
24654,35,26
24655,35,26
24656,35,26
24657,35,26
24658,35,26
24659,35,26
24660,35,26
32550,36,37
32821,36,37
33092,36,37
33363,36,37
33634,36,37
33905,36,37
34176,36,37
34447,36,37
34718,36,37
34989,36,37
35260,36,37
35531,36,37
35802,36,37
36073,36,37
36344,36,37
36615,36,37
36886,36,37
37157,36,37
37428,36,37
37699,36,37
37970,36,37
38241,36,37
38512,36,37
38783,36,37
39054,36,37
39325,36,37
39596,36,37
39867,36,37
40138,36,37
40409,36,37
40680,36,37
32520,36,27
32521,36,27
32522,36,27
32523,36,27
32524,36,27
32525,36,27
32526,36,27
32527,36,27
32528,36,27
32529,36,27
32530,36,27
32531,36,27
32532,36,27
32533,36,27
32534,36,27
32535,36,27
32536,36,27
32537,36,27
32538,36,27
32539,36,27
32540,36,27
32541,36,27
32542,36,27
32543,36,27
32544,36,27
32545,36,27
32546,36,27
32547,36,27
32548,36,27
32549,36,27
32550,36,27
32580,37,38
32851,37,38
33122,37,38
33393,37,38
33664,37,38
33935,37,38
34206,37,38
34477,37,38
34748,37,38
35019,37,38
35290,37,38
35561,37,38
35832,37,38
36103,37,38
36374,37,38
36645,37,38
36916,37,38
37187,37,38
37458,37,38
37729,37,38
38000,37,38
38271,37,38
38542,37,38
38813,37,38
39084,37,38
39355,37,38
39626,37,38
39897,37,38
40168,37,38
40439,37,38
40710,37,38
32550,37,28
32551,37,28
32552,37,28
32553,37,28
32554,37,28
32555,37,28
32556,37,28
32557,37,28
32558,37,28
32559,37,28
32560,37,28
32561,37,28
32562,37,28
32563,37,28
32564,37,28
32565,37,28
32566,37,28
32567,37,28
32568,37,28
32569,37,28
32570,37,28
32571,37,28
32572,37,28
32573,37,28
32574,37,28
32575,37,28
32576,37,28
32577,37,28
32578,37,28
32579,37,28
32580,37,28
32610,38,39
32881,38,39
33152,38,39
33423,38,39
33694,38,39
33965,38,39
34236,38,39
34507,38,39
34778,38,39
35049,38,39
35320,38,39
35591,38,39
35862,38,39
36133,38,39
36404,38,39
36675,38,39
36946,38,39
37217,38,39
37488,38,39
37759,38,39
38030,38,39
38301,38,39
38572,38,39
38843,38,39
39114,38,39
39385,38,39
39656,38,39
39927,38,39
40198,38,39
40469,38,39
40740,38,39
32580,38,29
32581,38,29
32582,38,29
32583,38,29
32584,38,29
32585,38,29
32586,38,29
32587,38,29
32588,38,29
32589,38,29
32590,38,29
32591,38,29
32592,38,29
32593,38,29
32594,38,29
32595,38,29
32596,38,29
32597,38,29
32598,38,29
32599,38,29
32600,38,29
32601,38,29
32602,38,29
32603,38,29
32604,38,29
32605,38,29
32606,38,29
32607,38,29
32608,38,29
32609,38,29
32610,38,29
32640,39,40
32911,39,40
33182,39,40
33453,39,40
33724,39,40
33995,39,40
34266,39,40
34537,39,40
34808,39,40
35079,39,40
35350,39,40
35621,39,40
35892,39,40
36163,39,40
36434,39,40
36705,39,40
36976,39,40
37247,39,40
37518,39,40
37789,39,40
38060,39,40
38331,39,40
38602,39,40
38873,39,40
39144,39,40
39415,39,40
39686,39,40
39957,39,40
40228,39,40
40499,39,40
40770,39,40
32610,39,30
32611,39,30
32612,39,30
32613,39,30
32614,39,30
32615,39,30
32616,39,30
32617,39,30
32618,39,30
32619,39,30
32620,39,30
32621,39,30
32622,39,30
32623,39,30
32624,39,30
32625,39,30
32626,39,30
32627,39,30
32628,39,30
32629,39,30
32630,39,30
32631,39,30
32632,39,30
32633,39,30
32634,39,30
32635,39,30
32636,39,30
32637,39,30
32638,39,30
32639,39,30
32640,39,30
32670,40,41
32941,40,41
33212,40,41
33483,40,41
33754,40,41
34025,40,41
34296,40,41
34567,40,41
34838,40,41
35109,40,41
35380,40,41
35651,40,41
35922,40,41
36193,40,41
36464,40,41
36735,40,41
37006,40,41
37277,40,41
37548,40,41
37819,40,41
38090,40,41
38361,40,41
38632,40,41
38903,40,41
39174,40,41
39445,40,41
39716,40,41
39987,40,41
40258,40,41
40529,40,41
40800,40,41
32640,40,31
32641,40,31
32642,40,31
32643,40,31
32644,40,31
32645,40,31
32646,40,31
32647,40,31
32648,40,31
32649,40,31
32650,40,31
32651,40,31
32652,40,31
32653,40,31
32654,40,31
32655,40,31
32656,40,31
32657,40,31
32658,40,31
32659,40,31
32660,40,31
32661,40,31
32662,40,31
32663,40,31
32664,40,31
32665,40,31
32666,40,31
32667,40,31
32668,40,31
32669,40,31
32670,40,31
32700,41,42
32971,41,42
33242,41,42
33513,41,42
33784,41,42
34055,41,42
34326,41,42
34597,41,42
34868,41,42
35139,41,42
35410,41,42
35681,41,42
35952,41,42
36223,41,42
36494,41,42
36765,41,42
37036,41,42
37307,41,42
37578,41,42
37849,41,42
38120,41,42
38391,41,42
38662,41,42
38933,41,42
39204,41,42
39475,41,42
39746,41,42
40017,41,42
40288,41,42
40559,41,42
40830,41,42
32670,41,32
32671,41,32
32672,41,32
32673,41,32
32674,41,32
32675,41,32
32676,41,32
32677,41,32
32678,41,32
32679,41,32
32680,41,32
32681,41,32
32682,41,32
32683,41,32
32684,41,32
32685,41,32
32686,41,32
32687,41,32
32688,41,32
32689,41,32
32690,41,32
32691,41,32
32692,41,32
32693,41,32
32694,41,32
32695,41,32
32696,41,32
32697,41,32
32698,41,32
32699,41,32
32700,41,32
32730,42,43
33001,42,43
33272,42,43
33543,42,43
33814,42,43
34085,42,43
34356,42,43
34627,42,43
34898,42,43
35169,42,43
35440,42,43
35711,42,43
35982,42,43
36253,42,43
36524,42,43
36795,42,43
37066,42,43
37337,42,43
37608,42,43
37879,42,43
38150,42,43
38421,42,43
38692,42,43
38963,42,43
39234,42,43
39505,42,43
39776,42,43
40047,42,43
40318,42,43
40589,42,43
40860,42,43
32700,42,33
32701,42,33
32702,42,33
32703,42,33
32704,42,33
32705,42,33
32706,42,33
32707,42,33
32708,42,33
32709,42,33
32710,42,33
32711,42,33
32712,42,33
32713,42,33
32714,42,33
32715,42,33
32716,42,33
32717,42,33
32718,42,33
32719,42,33
32720,42,33
32721,42,33
32722,42,33
32723,42,33
32724,42,33
32725,42,33
32726,42,33
32727,42,33
32728,42,33
32729,42,33
32730,42,33
32760,43,44
33031,43,44
33302,43,44
33573,43,44
33844,43,44
34115,43,44
34386,43,44
34657,43,44
34928,43,44
35199,43,44
35470,43,44
35741,43,44
36012,43,44
36283,43,44
36554,43,44
36825,43,44
37096,43,44
37367,43,44
37638,43,44
37909,43,44
38180,43,44
38451,43,44
38722,43,44
38993,43,44
39264,43,44
39535,43,44
39806,43,44
40077,43,44
40348,43,44
40619,43,44
40890,43,44
32730,43,34
32731,43,34
32732,43,34
32733,43,34
32734,43,34
32735,43,34
32736,43,34
32737,43,34
32738,43,34
32739,43,34
32740,43,34
32741,43,34
32742,43,34
32743,43,34
32744,43,34
32745,43,34
32746,43,34
32747,43,34
32748,43,34
32749,43,34
32750,43,34
32751,43,34
32752,43,34
32753,43,34
32754,43,34
32755,43,34
32756,43,34
32757,43,34
32758,43,34
32759,43,34
32760,43,34
32760,44,35
32761,44,35
32762,44,35
32763,44,35
32764,44,35
32765,44,35
32766,44,35
32767,44,35
32768,44,35
32769,44,35
32770,44,35
32771,44,35
32772,44,35
32773,44,35
32774,44,35
32775,44,35
32776,44,35
32777,44,35
32778,44,35
32779,44,35
32780,44,35
32781,44,35
32782,44,35
32783,44,35
32784,44,35
32785,44,35
32786,44,35
32787,44,35
32788,44,35
32789,44,35
32790,44,35
40680,45,46
40951,45,46
41222,45,46
41493,45,46
41764,45,46
42035,45,46
42306,45,46
42577,45,46
42848,45,46
43119,45,46
43390,45,46
43661,45,46
43932,45,46
44203,45,46
44474,45,46
44745,45,46
45016,45,46
45287,45,46
45558,45,46
45829,45,46
46100,45,46
46371,45,46
46642,45,46
46913,45,46
47184,45,46
47455,45,46
47726,45,46
47997,45,46
48268,45,46
48539,45,46
48810,45,46
40650,45,36
40651,45,36
40652,45,36
40653,45,36
40654,45,36
40655,45,36
40656,45,36
40657,45,36
40658,45,36
40659,45,36
40660,45,36
40661,45,36
40662,45,36
40663,45,36
40664,45,36
40665,45,36
40666,45,36
40667,45,36
40668,45,36
40669,45,36
40670,45,36
40671,45,36
40672,45,36
40673,45,36
40674,45,36
40675,45,36
40676,45,36
40677,45,36
40678,45,36
40679,45,36
40680,45,36
40710,46,47
40981,46,47
41252,46,47
41523,46,47
41794,46,47
42065,46,47
42336,46,47
42607,46,47
42878,46,47
43149,46,47
43420,46,47
43691,46,47
43962,46,47
44233,46,47
44504,46,47
44775,46,47
45046,46,47
45317,46,47
45588,46,47
45859,46,47
46130,46,47
46401,46,47
46672,46,47
46943,46,47
47214,46,47
47485,46,47
47756,46,47
48027,46,47
48298,46,47
48569,46,47
48840,46,47
40680,46,37
40681,46,37
40682,46,37
40683,46,37
40684,46,37
40685,46,37
40686,46,37
40687,46,37
40688,46,37
40689,46,37
40690,46,37
40691,46,37
40692,46,37
40693,46,37
40694,46,37
40695,46,37
40696,46,37
40697,46,37
40698,46,37
40699,46,37
40700,46,37
40701,46,37
40702,46,37
40703,46,37
40704,46,37
40705,46,37
40706,46,37
40707,46,37
40708,46,37
40709,46,37
40710,46,37
40740,47,48
41011,47,48
41282,47,48
41553,47,48
41824,47,48
42095,47,48
42366,47,48
42637,47,48
42908,47,48
43179,47,48
43450,47,48
43721,47,48
43992,47,48
44263,47,48
44534,47,48
44805,47,48
45076,47,48
45347,47,48
45618,47,48
45889,47,48
46160,47,48
46431,47,48
46702,47,48
46973,47,48
47244,47,48
47515,47,48
47786,47,48
48057,47,48
48328,47,48
48599,47,48
48870,47,48
40710,47,38
40711,47,38
40712,47,38
40713,47,38
40714,47,38
40715,47,38
40716,47,38
40717,47,38
40718,47,38
40719,47,38
40720,47,38
40721,47,38
40722,47,38
40723,47,38
40724,47,38
40725,47,38
40726,47,38
40727,47,38
40728,47,38
40729,47,38
40730,47,38
40731,47,38
40732,47,38
40733,47,38
40734,47,38
40735,47,38
40736,47,38
40737,47,38
40738,47,38
40739,47,38
40740,47,38
40770,48,49
41041,48,49
41312,48,49
41583,48,49
41854,48,49
42125,48,49
42396,48,49
42667,48,49
42938,48,49
43209,48,49
43480,48,49
43751,48,49
44022,48,49
44293,48,49
44564,48,49
44835,48,49
45106,48,49
45377,48,49
45648,48,49
45919,48,49
46190,48,49
46461,48,49
46732,48,49
47003,48,49
47274,48,49
47545,48,49
47816,48,49
48087,48,49
48358,48,49
48629,48,49
48900,48,49
40740,48,39
40741,48,39
40742,48,39
40743,48,39
40744,48,39
40745,48,39
40746,48,39
40747,48,39
40748,48,39
40749,48,39
40750,48,39
40751,48,39
40752,48,39
40753,48,39
40754,48,39
40755,48,39
40756,48,39
40757,48,39
40758,48,39
40759,48,39
40760,48,39
40761,48,39
40762,48,39
40763,48,39
40764,48,39
40765,48,39
40766,48,39
40767,48,39
40768,48,39
40769,48,39
40770,48,39
40800,49,50
41071,49,50
41342,49,50
41613,49,50
41884,49,50
42155,49,50
42426,49,50
42697,49,50
42968,49,50
43239,49,50
43510,49,50
43781,49,50
44052,49,50
44323,49,50
44594,49,50
44865,49,50
45136,49,50
45407,49,50
45678,49,50
45949,49,50
46220,49,50
46491,49,50
46762,49,50
47033,49,50
47304,49,50
47575,49,50
47846,49,50
48117,49,50
48388,49,50
48659,49,50
48930,49,50
40770,49,40
40771,49,40
40772,49,40
40773,49,40
40774,49,40
40775,49,40
40776,49,40
40777,49,40
40778,49,40
40779,49,40
40780,49,40
40781,49,40
40782,49,40
40783,49,40
40784,49,40
40785,49,40
40786,49,40
40787,49,40
40788,49,40
40789,49,40
40790,49,40
40791,49,40
40792,49,40
40793,49,40
40794,49,40
40795,49,40
40796,49,40
40797,49,40
40798,49,40
40799,49,40
40800,49,40
40830,50,51
41101,50,51
41372,50,51
41643,50,51
41914,50,51
42185,50,51
42456,50,51
42727,50,51
42998,50,51
43269,50,51
43540,50,51
43811,50,51
44082,50,51
44353,50,51
44624,50,51
44895,50,51
45166,50,51
45437,50,51
45708,50,51
45979,50,51
46250,50,51
46521,50,51
46792,50,51
47063,50,51
47334,50,51
47605,50,51
47876,50,51
48147,50,51
48418,50,51
48689,50,51
48960,50,51
40800,50,41
40801,50,41
40802,50,41
40803,50,41
40804,50,41
40805,50,41
40806,50,41
40807,50,41
40808,50,41
40809,50,41
40810,50,41
40811,50,41
40812,50,41
40813,50,41
40814,50,41
40815,50,41
40816,50,41
40817,50,41
40818,50,41
40819,50,41
40820,50,41
40821,50,41
40822,50,41
40823,50,41
40824,50,41
40825,50,41
40826,50,41
40827,50,41
40828,50,41
40829,50,41
40830,50,41
40860,51,52
41131,51,52
41402,51,52
41673,51,52
41944,51,52
42215,51,52
42486,51,52
42757,51,52
43028,51,52
43299,51,52
43570,51,52
43841,51,52
44112,51,52
44383,51,52
44654,51,52
44925,51,52
45196,51,52
45467,51,52
45738,51,52
46009,51,52
46280,51,52
46551,51,52
46822,51,52
47093,51,52
47364,51,52
47635,51,52
47906,51,52
48177,51,52
48448,51,52
48719,51,52
48990,51,52
40830,51,42
40831,51,42
40832,51,42
40833,51,42
40834,51,42
40835,51,42
40836,51,42
40837,51,42
40838,51,42
40839,51,42
40840,51,42
40841,51,42
40842,51,42
40843,51,42
40844,51,42
40845,51,42
40846,51,42
40847,51,42
40848,51,42
40849,51,42
40850,51,42
40851,51,42
40852,51,42
40853,51,42
40854,51,42
40855,51,42
40856,51,42
40857,51,42
40858,51,42
40859,51,42
40860,51,42
40890,52,53
41161,52,53
41432,52,53
41703,52,53
41974,52,53
42245,52,53
42516,52,53
42787,52,53
43058,52,53
43329,52,53
43600,52,53
43871,52,53
44142,52,53
44413,52,53
44684,52,53
44955,52,53
45226,52,53
45497,52,53
45768,52,53
46039,52,53
46310,52,53
46581,52,53
46852,52,53
47123,52,53
47394,52,53
47665,52,53
47936,52,53
48207,52,53
48478,52,53
48749,52,53
49020,52,53
40860,52,43
40861,52,43
40862,52,43
40863,52,43
40864,52,43
40865,52,43
40866,52,43
40867,52,43
40868,52,43
40869,52,43
40870,52,43
40871,52,43
40872,52,43
40873,52,43
40874,52,43
40875,52,43
40876,52,43
40877,52,43
40878,52,43
40879,52,43
40880,52,43
40881,52,43
40882,52,43
40883,52,43
40884,52,43
40885,52,43
40886,52,43
40887,52,43
40888,52,43
40889,52,43
40890,52,43
40890,53,44
40891,53,44
40892,53,44
40893,53,44
40894,53,44
40895,53,44
40896,53,44
40897,53,44
40898,53,44
40899,53,44
40900,53,44
40901,53,44
40902,53,44
40903,53,44
40904,53,44
40905,53,44
40906,53,44
40907,53,44
40908,53,44
40909,53,44
40910,53,44
40911,53,44
40912,53,44
40913,53,44
40914,53,44
40915,53,44
40916,53,44
40917,53,44
40918,53,44
40919,53,44
40920,53,44
48810,54,55
49081,54,55
49352,54,55
49623,54,55
49894,54,55
50165,54,55
50436,54,55
50707,54,55
50978,54,55
51249,54,55
51520,54,55
51791,54,55
52062,54,55
52333,54,55
52604,54,55
52875,54,55
53146,54,55
53417,54,55
53688,54,55
53959,54,55
54230,54,55
54501,54,55
54772,54,55
55043,54,55
55314,54,55
55585,54,55
55856,54,55
56127,54,55
56398,54,55
56669,54,55
56940,54,55
48780,54,45
48781,54,45
48782,54,45
48783,54,45
48784,54,45
48785,54,45
48786,54,45
48787,54,45
48788,54,45
48789,54,45
48790,54,45
48791,54,45
48792,54,45
48793,54,45
48794,54,45
48795,54,45
48796,54,45
48797,54,45
48798,54,45
48799,54,45
48800,54,45
48801,54,45
48802,54,45
48803,54,45
48804,54,45
48805,54,45
48806,54,45
48807,54,45
48808,54,45
48809,54,45
48810,54,45
48840,55,56
49111,55,56
49382,55,56
49653,55,56
49924,55,56
50195,55,56
50466,55,56
50737,55,56
51008,55,56
51279,55,56
51550,55,56
51821,55,56
52092,55,56
52363,55,56
52634,55,56
52905,55,56
53176,55,56
53447,55,56
53718,55,56
53989,55,56
54260,55,56
54531,55,56
54802,55,56
55073,55,56
55344,55,56
55615,55,56
55886,55,56
56157,55,56
56428,55,56
56699,55,56
56970,55,56
48810,55,46
48811,55,46
48812,55,46
48813,55,46
48814,55,46
48815,55,46
48816,55,46
48817,55,46
48818,55,46
48819,55,46
48820,55,46
48821,55,46
48822,55,46
48823,55,46
48824,55,46
48825,55,46
48826,55,46
48827,55,46
48828,55,46
48829,55,46
48830,55,46
48831,55,46
48832,55,46
48833,55,46
48834,55,46
48835,55,46
48836,55,46
48837,55,46
48838,55,46
48839,55,46
48840,55,46
48870,56,57
49141,56,57
49412,56,57
49683,56,57
49954,56,57
50225,56,57
50496,56,57
50767,56,57
51038,56,57
51309,56,57
51580,56,57
51851,56,57
52122,56,57
52393,56,57
52664,56,57
52935,56,57
53206,56,57
53477,56,57
53748,56,57
54019,56,57
54290,56,57
54561,56,57
54832,56,57
55103,56,57
55374,56,57
55645,56,57
55916,56,57
56187,56,57
56458,56,57
56729,56,57
57000,56,57
48840,56,47
48841,56,47
48842,56,47
48843,56,47
48844,56,47
48845,56,47
48846,56,47
48847,56,47
48848,56,47
48849,56,47
48850,56,47
48851,56,47
48852,56,47
48853,56,47
48854,56,47
48855,56,47
48856,56,47
48857,56,47
48858,56,47
48859,56,47
48860,56,47
48861,56,47
48862,56,47
48863,56,47
48864,56,47
48865,56,47
48866,56,47
48867,56,47
48868,56,47
48869,56,47
48870,56,47
48900,57,58
49171,57,58
49442,57,58
49713,57,58
49984,57,58
50255,57,58
50526,57,58
50797,57,58
51068,57,58
51339,57,58
51610,57,58
51881,57,58
52152,57,58
52423,57,58
52694,57,58
52965,57,58
53236,57,58
53507,57,58
53778,57,58
54049,57,58
54320,57,58
54591,57,58
54862,57,58
55133,57,58
55404,57,58
55675,57,58
55946,57,58
56217,57,58
56488,57,58
56759,57,58
57030,57,58
48870,57,48
48871,57,48
48872,57,48
48873,57,48
48874,57,48
48875,57,48
48876,57,48
48877,57,48
48878,57,48
48879,57,48
48880,57,48
48881,57,48
48882,57,48
48883,57,48
48884,57,48
48885,57,48
48886,57,48
48887,57,48
48888,57,48
48889,57,48
48890,57,48
48891,57,48
48892,57,48
48893,57,48
48894,57,48
48895,57,48
48896,57,48
48897,57,48
48898,57,48
48899,57,48
48900,57,48
48930,58,59
49201,58,59
49472,58,59
49743,58,59
50014,58,59
50285,58,59
50556,58,59
50827,58,59
51098,58,59
51369,58,59
51640,58,59
51911,58,59
52182,58,59
52453,58,59
52724,58,59
52995,58,59
53266,58,59
53537,58,59
53808,58,59
54079,58,59
54350,58,59
54621,58,59
54892,58,59
55163,58,59
55434,58,59
55705,58,59
55976,58,59
56247,58,59
56518,58,59
56789,58,59
57060,58,59
48900,58,49
48901,58,49
48902,58,49
48903,58,49
48904,58,49
48905,58,49
48906,58,49
48907,58,49
48908,58,49
48909,58,49
48910,58,49
48911,58,49
48912,58,49
48913,58,49
48914,58,49
48915,58,49
48916,58,49
48917,58,49
48918,58,49
48919,58,49
48920,58,49
48921,58,49
48922,58,49
48923,58,49
48924,58,49
48925,58,49
48926,58,49
48927,58,49
48928,58,49
48929,58,49
48930,58,49
48960,59,60
49231,59,60
49502,59,60
49773,59,60
50044,59,60
50315,59,60
50586,59,60
50857,59,60
51128,59,60
51399,59,60
51670,59,60
51941,59,60
52212,59,60
52483,59,60
52754,59,60
53025,59,60
53296,59,60
53567,59,60
53838,59,60
54109,59,60
54380,59,60
54651,59,60
54922,59,60
55193,59,60
55464,59,60
55735,59,60
56006,59,60
56277,59,60
56548,59,60
56819,59,60
57090,59,60
48930,59,50
48931,59,50
48932,59,50
48933,59,50
48934,59,50
48935,59,50
48936,59,50
48937,59,50
48938,59,50
48939,59,50
48940,59,50
48941,59,50
48942,59,50
48943,59,50
48944,59,50
48945,59,50
48946,59,50
48947,59,50
48948,59,50
48949,59,50
48950,59,50
48951,59,50
48952,59,50
48953,59,50
48954,59,50
48955,59,50
48956,59,50
48957,59,50
48958,59,50
48959,59,50
48960,59,50
48990,60,61
49261,60,61
49532,60,61
49803,60,61
50074,60,61
50345,60,61
50616,60,61
50887,60,61
51158,60,61
51429,60,61
51700,60,61
51971,60,61
52242,60,61
52513,60,61
52784,60,61
53055,60,61
53326,60,61
53597,60,61
53868,60,61
54139,60,61
54410,60,61
54681,60,61
54952,60,61
55223,60,61
55494,60,61
55765,60,61
56036,60,61
56307,60,61
56578,60,61
56849,60,61
57120,60,61
48960,60,51
48961,60,51
48962,60,51
48963,60,51
48964,60,51
48965,60,51
48966,60,51
48967,60,51
48968,60,51
48969,60,51
48970,60,51
48971,60,51
48972,60,51
48973,60,51
48974,60,51
48975,60,51
48976,60,51
48977,60,51
48978,60,51
48979,60,51
48980,60,51
48981,60,51
48982,60,51
48983,60,51
48984,60,51
48985,60,51
48986,60,51
48987,60,51
48988,60,51
48989,60,51
48990,60,51
49020,61,62
49291,61,62
49562,61,62
49833,61,62
50104,61,62
50375,61,62
50646,61,62
50917,61,62
51188,61,62
51459,61,62
51730,61,62
52001,61,62
52272,61,62
52543,61,62
52814,61,62
53085,61,62
53356,61,62
53627,61,62
53898,61,62
54169,61,62
54440,61,62
54711,61,62
54982,61,62
55253,61,62
55524,61,62
55795,61,62
56066,61,62
56337,61,62
56608,61,62
56879,61,62
57150,61,62
48990,61,52
48991,61,52
48992,61,52
48993,61,52
48994,61,52
48995,61,52
48996,61,52
48997,61,52
48998,61,52
48999,61,52
49000,61,52
49001,61,52
49002,61,52
49003,61,52
49004,61,52
49005,61,52
49006,61,52
49007,61,52
49008,61,52
49009,61,52
49010,61,52
49011,61,52
49012,61,52
49013,61,52
49014,61,52
49015,61,52
49016,61,52
49017,61,52
49018,61,52
49019,61,52
49020,61,52
49020,62,53
49021,62,53
49022,62,53
49023,62,53
49024,62,53
49025,62,53
49026,62,53
49027,62,53
49028,62,53
49029,62,53
49030,62,53
49031,62,53
49032,62,53
49033,62,53
49034,62,53
49035,62,53
49036,62,53
49037,62,53
49038,62,53
49039,62,53
49040,62,53
49041,62,53
49042,62,53
49043,62,53
49044,62,53
49045,62,53
49046,62,53
49047,62,53
49048,62,53
49049,62,53
49050,62,53
56940,63,64
57211,63,64
57482,63,64
57753,63,64
58024,63,64
58295,63,64
58566,63,64
58837,63,64
59108,63,64
59379,63,64
59650,63,64
59921,63,64
60192,63,64
60463,63,64
60734,63,64
61005,63,64
61276,63,64
61547,63,64
61818,63,64
62089,63,64
62360,63,64
62631,63,64
62902,63,64
63173,63,64
63444,63,64
63715,63,64
63986,63,64
64257,63,64
64528,63,64
64799,63,64
65070,63,64
56910,63,54
56911,63,54
56912,63,54
56913,63,54
56914,63,54
56915,63,54
56916,63,54
56917,63,54
56918,63,54
56919,63,54
56920,63,54
56921,63,54
56922,63,54
56923,63,54
56924,63,54
56925,63,54
56926,63,54
56927,63,54
56928,63,54
56929,63,54
56930,63,54
56931,63,54
56932,63,54
56933,63,54
56934,63,54
56935,63,54
56936,63,54
56937,63,54
56938,63,54
56939,63,54
56940,63,54
56970,64,65
57241,64,65
57512,64,65
57783,64,65
58054,64,65
58325,64,65
58596,64,65
58867,64,65
59138,64,65
59409,64,65
59680,64,65
59951,64,65
60222,64,65
60493,64,65
60764,64,65
61035,64,65
61306,64,65
61577,64,65
61848,64,65
62119,64,65
62390,64,65
62661,64,65
62932,64,65
63203,64,65
63474,64,65
63745,64,65
64016,64,65
64287,64,65
64558,64,65
64829,64,65
65100,64,65
56940,64,55
56941,64,55
56942,64,55
56943,64,55
56944,64,55
56945,64,55
56946,64,55
56947,64,55
56948,64,55
56949,64,55
56950,64,55
56951,64,55
56952,64,55
56953,64,55
56954,64,55
56955,64,55
56956,64,55
56957,64,55
56958,64,55
56959,64,55
56960,64,55
56961,64,55
56962,64,55
56963,64,55
56964,64,55
56965,64,55
56966,64,55
56967,64,55
56968,64,55
56969,64,55
56970,64,55
57000,65,66
57271,65,66
57542,65,66
57813,65,66
58084,65,66
58355,65,66
58626,65,66
58897,65,66
59168,65,66
59439,65,66
59710,65,66
59981,65,66
60252,65,66
60523,65,66
60794,65,66
61065,65,66
61336,65,66
61607,65,66
61878,65,66
62149,65,66
62420,65,66
62691,65,66
62962,65,66
63233,65,66
63504,65,66
63775,65,66
64046,65,66
64317,65,66
64588,65,66
64859,65,66
65130,65,66
56970,65,56
56971,65,56
56972,65,56
56973,65,56
56974,65,56
56975,65,56
56976,65,56
56977,65,56
56978,65,56
56979,65,56
56980,65,56
56981,65,56
56982,65,56
56983,65,56
56984,65,56
56985,65,56
56986,65,56
56987,65,56
56988,65,56
56989,65,56
56990,65,56
56991,65,56
56992,65,56
56993,65,56
56994,65,56
56995,65,56
56996,65,56
56997,65,56
56998,65,56
56999,65,56
57000,65,56
57030,66,67
57301,66,67
57572,66,67
57843,66,67
58114,66,67
58385,66,67
58656,66,67
58927,66,67
59198,66,67
59469,66,67
59740,66,67
60011,66,67
60282,66,67
60553,66,67
60824,66,67
61095,66,67
61366,66,67
61637,66,67
61908,66,67
62179,66,67
62450,66,67
62721,66,67
62992,66,67
63263,66,67
63534,66,67
63805,66,67
64076,66,67
64347,66,67
64618,66,67
64889,66,67
65160,66,67
57000,66,57
57001,66,57
57002,66,57
57003,66,57
57004,66,57
57005,66,57
57006,66,57
57007,66,57
57008,66,57
57009,66,57
57010,66,57
57011,66,57
57012,66,57
57013,66,57
57014,66,57
57015,66,57
57016,66,57
57017,66,57
57018,66,57
57019,66,57
57020,66,57
57021,66,57
57022,66,57
57023,66,57
57024,66,57
57025,66,57
57026,66,57
57027,66,57
57028,66,57
57029,66,57
57030,66,57
57060,67,68
57331,67,68
57602,67,68
57873,67,68
58144,67,68
58415,67,68
58686,67,68
58957,67,68
59228,67,68
59499,67,68
59770,67,68
60041,67,68
60312,67,68
60583,67,68
60854,67,68
61125,67,68
61396,67,68
61667,67,68
61938,67,68
62209,67,68
62480,67,68
62751,67,68
63022,67,68
63293,67,68
63564,67,68
63835,67,68
64106,67,68
64377,67,68
64648,67,68
64919,67,68
65190,67,68
57030,67,58
57031,67,58
57032,67,58
57033,67,58
57034,67,58
57035,67,58
57036,67,58
57037,67,58
57038,67,58
57039,67,58
57040,67,58
57041,67,58
57042,67,58
57043,67,58
57044,67,58
57045,67,58
57046,67,58
57047,67,58
57048,67,58
57049,67,58
57050,67,58
57051,67,58
57052,67,58
57053,67,58
57054,67,58
57055,67,58
57056,67,58
57057,67,58
57058,67,58
57059,67,58
57060,67,58
57090,68,69
57361,68,69
57632,68,69
57903,68,69
58174,68,69
58445,68,69
58716,68,69
58987,68,69
59258,68,69
59529,68,69
59800,68,69
60071,68,69
60342,68,69
60613,68,69
60884,68,69
61155,68,69
61426,68,69
61697,68,69
61968,68,69
62239,68,69
62510,68,69
62781,68,69
63052,68,69
63323,68,69
63594,68,69
63865,68,69
64136,68,69
64407,68,69
64678,68,69
64949,68,69
65220,68,69
57060,68,59
57061,68,59
57062,68,59
57063,68,59
57064,68,59
57065,68,59
57066,68,59
57067,68,59
57068,68,59
57069,68,59
57070,68,59
57071,68,59
57072,68,59
57073,68,59
57074,68,59
57075,68,59
57076,68,59
57077,68,59
57078,68,59
57079,68,59
57080,68,59
57081,68,59
57082,68,59
57083,68,59
57084,68,59
57085,68,59
57086,68,59
57087,68,59
57088,68,59
57089,68,59
57090,68,59
57120,69,70
57391,69,70
57662,69,70
57933,69,70
58204,69,70
58475,69,70
58746,69,70
59017,69,70
59288,69,70
59559,69,70
59830,69,70
60101,69,70
60372,69,70
60643,69,70
60914,69,70
61185,69,70
61456,69,70
61727,69,70
61998,69,70
62269,69,70
62540,69,70
62811,69,70
63082,69,70
63353,69,70
63624,69,70
63895,69,70
64166,69,70
64437,69,70
64708,69,70
64979,69,70
65250,69,70
57090,69,60
57091,69,60
57092,69,60
57093,69,60
57094,69,60
57095,69,60
57096,69,60
57097,69,60
57098,69,60
57099,69,60
57100,69,60
57101,69,60
57102,69,60
57103,69,60
57104,69,60
57105,69,60
57106,69,60
57107,69,60
57108,69,60
57109,69,60
57110,69,60
57111,69,60
57112,69,60
57113,69,60
57114,69,60
57115,69,60
57116,69,60
57117,69,60
57118,69,60
57119,69,60
57120,69,60
57150,70,71
57421,70,71
57692,70,71
57963,70,71
58234,70,71
58505,70,71
58776,70,71
59047,70,71
59318,70,71
59589,70,71
59860,70,71
60131,70,71
60402,70,71
60673,70,71
60944,70,71
61215,70,71
61486,70,71
61757,70,71
62028,70,71
62299,70,71
62570,70,71
62841,70,71
63112,70,71
63383,70,71
63654,70,71
63925,70,71
64196,70,71
64467,70,71
64738,70,71
65009,70,71
65280,70,71
57120,70,61
57121,70,61
57122,70,61
57123,70,61
57124,70,61
57125,70,61
57126,70,61
57127,70,61
57128,70,61
57129,70,61
57130,70,61
57131,70,61
57132,70,61
57133,70,61
57134,70,61
57135,70,61
57136,70,61
57137,70,61
57138,70,61
57139,70,61
57140,70,61
57141,70,61
57142,70,61
57143,70,61
57144,70,61
57145,70,61
57146,70,61
57147,70,61
57148,70,61
57149,70,61
57150,70,61
57150,71,62
57151,71,62
57152,71,62
57153,71,62
57154,71,62
57155,71,62
57156,71,62
57157,71,62
57158,71,62
57159,71,62
57160,71,62
57161,71,62
57162,71,62
57163,71,62
57164,71,62
57165,71,62
57166,71,62
57167,71,62
57168,71,62
57169,71,62
57170,71,62
57171,71,62
57172,71,62
57173,71,62
57174,71,62
57175,71,62
57176,71,62
57177,71,62
57178,71,62
57179,71,62
57180,71,62
65070,72,73
65341,72,73
65612,72,73
65883,72,73
66154,72,73
66425,72,73
66696,72,73
66967,72,73
67238,72,73
67509,72,73
67780,72,73
68051,72,73
68322,72,73
68593,72,73
68864,72,73
69135,72,73
69406,72,73
69677,72,73
69948,72,73
70219,72,73
70490,72,73
70761,72,73
71032,72,73
71303,72,73
71574,72,73
71845,72,73
72116,72,73
72387,72,73
72658,72,73
72929,72,73
73200,72,73
65040,72,63
65041,72,63
65042,72,63
65043,72,63
65044,72,63
65045,72,63
65046,72,63
65047,72,63
65048,72,63
65049,72,63
65050,72,63
65051,72,63
65052,72,63
65053,72,63
65054,72,63
65055,72,63
65056,72,63
65057,72,63
65058,72,63
65059,72,63
65060,72,63
65061,72,63
65062,72,63
65063,72,63
65064,72,63
65065,72,63
65066,72,63
65067,72,63
65068,72,63
65069,72,63
65070,72,63
65100,73,74
65371,73,74
65642,73,74
65913,73,74
66184,73,74
66455,73,74
66726,73,74
66997,73,74
67268,73,74
67539,73,74
67810,73,74
68081,73,74
68352,73,74
68623,73,74
68894,73,74
69165,73,74
69436,73,74
69707,73,74
69978,73,74
70249,73,74
70520,73,74
70791,73,74
71062,73,74
71333,73,74
71604,73,74
71875,73,74
72146,73,74
72417,73,74
72688,73,74
72959,73,74
73230,73,74
65070,73,64
65071,73,64
65072,73,64
65073,73,64
65074,73,64
65075,73,64
65076,73,64
65077,73,64
65078,73,64
65079,73,64
65080,73,64
65081,73,64
65082,73,64
65083,73,64
65084,73,64
65085,73,64
65086,73,64
65087,73,64
65088,73,64
65089,73,64
65090,73,64
65091,73,64
65092,73,64
65093,73,64
65094,73,64
65095,73,64
65096,73,64
65097,73,64
65098,73,64
65099,73,64
65100,73,64
65130,74,75
65401,74,75
65672,74,75
65943,74,75
66214,74,75
66485,74,75
66756,74,75
67027,74,75
67298,74,75
67569,74,75
67840,74,75
68111,74,75
68382,74,75
68653,74,75
68924,74,75
69195,74,75
69466,74,75
69737,74,75
70008,74,75
70279,74,75
70550,74,75
70821,74,75
71092,74,75
71363,74,75
71634,74,75
71905,74,75
72176,74,75
72447,74,75
72718,74,75
72989,74,75
73260,74,75
65100,74,65
65101,74,65
65102,74,65
65103,74,65
65104,74,65
65105,74,65
65106,74,65
65107,74,65
65108,74,65
65109,74,65
65110,74,65
65111,74,65
65112,74,65
65113,74,65
65114,74,65
65115,74,65
65116,74,65
65117,74,65
65118,74,65
65119,74,65
65120,74,65
65121,74,65
65122,74,65
65123,74,65
65124,74,65
65125,74,65
65126,74,65
65127,74,65
65128,74,65
65129,74,65
65130,74,65
65160,75,76
65431,75,76
65702,75,76
65973,75,76
66244,75,76
66515,75,76
66786,75,76
67057,75,76
67328,75,76
67599,75,76
67870,75,76
68141,75,76
68412,75,76
68683,75,76
68954,75,76
69225,75,76
69496,75,76
69767,75,76
70038,75,76
70309,75,76
70580,75,76
70851,75,76
71122,75,76
71393,75,76
71664,75,76
71935,75,76
72206,75,76
72477,75,76
72748,75,76
73019,75,76
73290,75,76
65130,75,66
65131,75,66
65132,75,66
65133,75,66
65134,75,66
65135,75,66
65136,75,66
65137,75,66
65138,75,66
65139,75,66
65140,75,66
65141,75,66
65142,75,66
65143,75,66
65144,75,66
65145,75,66
65146,75,66
65147,75,66
65148,75,66
65149,75,66
65150,75,66
65151,75,66
65152,75,66
65153,75,66
65154,75,66
65155,75,66
65156,75,66
65157,75,66
65158,75,66
65159,75,66
65160,75,66
65190,76,77
65461,76,77
65732,76,77
66003,76,77
66274,76,77
66545,76,77
66816,76,77
67087,76,77
67358,76,77
67629,76,77
67900,76,77
68171,76,77
68442,76,77
68713,76,77
68984,76,77
69255,76,77
69526,76,77
69797,76,77
70068,76,77
70339,76,77
70610,76,77
70881,76,77
71152,76,77
71423,76,77
71694,76,77
71965,76,77
72236,76,77
72507,76,77
72778,76,77
73049,76,77
73320,76,77
65160,76,67
65161,76,67
65162,76,67
65163,76,67
65164,76,67
65165,76,67
65166,76,67
65167,76,67
65168,76,67
65169,76,67
65170,76,67
65171,76,67
65172,76,67
65173,76,67
65174,76,67
65175,76,67
65176,76,67
65177,76,67
65178,76,67
65179,76,67
65180,76,67
65181,76,67
65182,76,67
65183,76,67
65184,76,67
65185,76,67
65186,76,67
65187,76,67
65188,76,67
65189,76,67
65190,76,67
65220,77,78
65491,77,78
65762,77,78
66033,77,78
66304,77,78
66575,77,78
66846,77,78
67117,77,78
67388,77,78
67659,77,78
67930,77,78
68201,77,78
68472,77,78
68743,77,78
69014,77,78
69285,77,78
69556,77,78
69827,77,78
70098,77,78
70369,77,78
70640,77,78
70911,77,78
71182,77,78
71453,77,78
71724,77,78
71995,77,78
72266,77,78
72537,77,78
72808,77,78
73079,77,78
73350,77,78
65190,77,68
65191,77,68
65192,77,68
65193,77,68
65194,77,68
65195,77,68
65196,77,68
65197,77,68
65198,77,68
65199,77,68
65200,77,68
65201,77,68
65202,77,68
65203,77,68
65204,77,68
65205,77,68
65206,77,68
65207,77,68
65208,77,68
65209,77,68
65210,77,68
65211,77,68
65212,77,68
65213,77,68
65214,77,68
65215,77,68
65216,77,68
65217,77,68
65218,77,68
65219,77,68
65220,77,68
65250,78,79
65521,78,79
65792,78,79
66063,78,79
66334,78,79
66605,78,79
66876,78,79
67147,78,79
67418,78,79
67689,78,79
67960,78,79
68231,78,79
68502,78,79
68773,78,79
69044,78,79
69315,78,79
69586,78,79
69857,78,79
70128,78,79
70399,78,79
70670,78,79
70941,78,79
71212,78,79
71483,78,79
71754,78,79
72025,78,79
72296,78,79
72567,78,79
72838,78,79
73109,78,79
73380,78,79
65220,78,69
65221,78,69
65222,78,69
65223,78,69
65224,78,69
65225,78,69
65226,78,69
65227,78,69
65228,78,69
65229,78,69
65230,78,69
65231,78,69
65232,78,69
65233,78,69
65234,78,69
65235,78,69
65236,78,69
65237,78,69
65238,78,69
65239,78,69
65240,78,69
65241,78,69
65242,78,69
65243,78,69
65244,78,69
65245,78,69
65246,78,69
65247,78,69
65248,78,69
65249,78,69
65250,78,69
65280,79,80
65551,79,80
65822,79,80
66093,79,80
66364,79,80
66635,79,80
66906,79,80
67177,79,80
67448,79,80
67719,79,80
67990,79,80
68261,79,80
68532,79,80
68803,79,80
69074,79,80
69345,79,80
69616,79,80
69887,79,80
70158,79,80
70429,79,80
70700,79,80
70971,79,80
71242,79,80
71513,79,80
71784,79,80
72055,79,80
72326,79,80
72597,79,80
72868,79,80
73139,79,80
73410,79,80
65250,79,70
65251,79,70
65252,79,70
65253,79,70
65254,79,70
65255,79,70
65256,79,70
65257,79,70
65258,79,70
65259,79,70
65260,79,70
65261,79,70
65262,79,70
65263,79,70
65264,79,70
65265,79,70
65266,79,70
65267,79,70
65268,79,70
65269,79,70
65270,79,70
65271,79,70
65272,79,70
65273,79,70
65274,79,70
65275,79,70
65276,79,70
65277,79,70
65278,79,70
65279,79,70
65280,79,70
65280,80,71
65281,80,71
65282,80,71
65283,80,71
65284,80,71
65285,80,71
65286,80,71
65287,80,71
65288,80,71
65289,80,71
65290,80,71
65291,80,71
65292,80,71
65293,80,71
65294,80,71
65295,80,71
65296,80,71
65297,80,71
65298,80,71
65299,80,71
65300,80,71
65301,80,71
65302,80,71
65303,80,71
65304,80,71
65305,80,71
65306,80,71
65307,80,71
65308,80,71
65309,80,71
65310,80,71
