30,0,1
241,0,1
452,0,1
663,0,1
874,0,1
1085,0,1
1296,0,1
1507,0,1
1718,0,1
1929,0,1
2140,0,1
2351,0,1
2562,0,1
2773,0,1
2984,0,1
3195,0,1
3406,0,1
3617,0,1
3828,0,1
4039,0,1
4250,0,1
4461,0,1
4672,0,1
4883,0,1
5094,0,1
5305,0,1
5516,0,1
5727,0,1
5938,0,1
6149,0,1
6360,0,1
60,1,2
271,1,2
482,1,2
693,1,2
904,1,2
1115,1,2
1326,1,2
1537,1,2
1748,1,2
1959,1,2
2170,1,2
2381,1,2
2592,1,2
2803,1,2
3014,1,2
3225,1,2
3436,1,2
3647,1,2
3858,1,2
4069,1,2
4280,1,2
4491,1,2
4702,1,2
4913,1,2
5124,1,2
5335,1,2
5546,1,2
5757,1,2
5968,1,2
6179,1,2
6390,1,2
90,2,3
301,2,3
512,2,3
723,2,3
934,2,3
1145,2,3
1356,2,3
1567,2,3
1778,2,3
1989,2,3
2200,2,3
2411,2,3
2622,2,3
2833,2,3
3044,2,3
3255,2,3
3466,2,3
3677,2,3
3888,2,3
4099,2,3
4310,2,3
4521,2,3
4732,2,3
4943,2,3
5154,2,3
5365,2,3
5576,2,3
5787,2,3
5998,2,3
6209,2,3
6420,2,3
120,3,4
331,3,4
542,3,4
753,3,4
964,3,4
1175,3,4
1386,3,4
1597,3,4
1808,3,4
2019,3,4
2230,3,4
2441,3,4
2652,3,4
2863,3,4
3074,3,4
3285,3,4
3496,3,4
3707,3,4
3918,3,4
4129,3,4
4340,3,4
4551,3,4
4762,3,4
4973,3,4
5184,3,4
5395,3,4
5606,3,4
5817,3,4
6028,3,4
6239,3,4
6450,3,4
150,4,5
361,4,5
572,4,5
783,4,5
994,4,5
1205,4,5
1416,4,5
1627,4,5
1838,4,5
2049,4,5
2260,4,5
2471,4,5
2682,4,5
2893,4,5
3104,4,5
3315,4,5
3526,4,5
3737,4,5
3948,4,5
4159,4,5
4370,4,5
4581,4,5
4792,4,5
5003,4,5
5214,4,5
5425,4,5
5636,4,5
5847,4,5
6058,4,5
6269,4,5
6480,4,5
180,5,6
391,5,6
602,5,6
813,5,6
1024,5,6
1235,5,6
1446,5,6
1657,5,6
1868,5,6
2079,5,6
2290,5,6
2501,5,6
2712,5,6
2923,5,6
3134,5,6
3345,5,6
3556,5,6
3767,5,6
3978,5,6
4189,5,6
4400,5,6
4611,5,6
4822,5,6
5033,5,6
5244,5,6
5455,5,6
5666,5,6
5877,5,6
6088,5,6
6299,5,6
6510,5,6
6360,7,8
6571,7,8
6782,7,8
6993,7,8
7204,7,8
7415,7,8
7626,7,8
7837,7,8
8048,7,8
8259,7,8
8470,7,8
8681,7,8
8892,7,8
9103,7,8
9314,7,8
9525,7,8
9736,7,8
9947,7,8
10158,7,8
10369,7,8
10580,7,8
10791,7,8
11002,7,8
11213,7,8
11424,7,8
11635,7,8
11846,7,8
12057,7,8
12268,7,8
12479,7,8
12690,7,8
6330,7,0
6331,7,0
6332,7,0
6333,7,0
6334,7,0
6335,7,0
6336,7,0
6337,7,0
6338,7,0
6339,7,0
6340,7,0
6341,7,0
6342,7,0
6343,7,0
6344,7,0
6345,7,0
6346,7,0
6347,7,0
6348,7,0
6349,7,0
6350,7,0
6351,7,0
6352,7,0
6353,7,0
6354,7,0
6355,7,0
6356,7,0
6357,7,0
6358,7,0
6359,7,0
6360,7,0
6390,8,9
6601,8,9
6812,8,9
7023,8,9
7234,8,9
7445,8,9
7656,8,9
7867,8,9
8078,8,9
8289,8,9
8500,8,9
8711,8,9
8922,8,9
9133,8,9
9344,8,9
9555,8,9
9766,8,9
9977,8,9
10188,8,9
10399,8,9
10610,8,9
10821,8,9
11032,8,9
11243,8,9
11454,8,9
11665,8,9
11876,8,9
12087,8,9
12298,8,9
12509,8,9
12720,8,9
6360,8,1
6361,8,1
6362,8,1
6363,8,1
6364,8,1
6365,8,1
6366,8,1
6367,8,1
6368,8,1
6369,8,1
6370,8,1
6371,8,1
6372,8,1
6373,8,1
6374,8,1
6375,8,1
6376,8,1
6377,8,1
6378,8,1
6379,8,1
6380,8,1
6381,8,1
6382,8,1
6383,8,1
6384,8,1
6385,8,1
6386,8,1
6387,8,1
6388,8,1
6389,8,1
6390,8,1
6420,9,10
6631,9,10
6842,9,10
7053,9,10
7264,9,10
7475,9,10
7686,9,10
7897,9,10
8108,9,10
8319,9,10
8530,9,10
8741,9,10
8952,9,10
9163,9,10
9374,9,10
9585,9,10
9796,9,10
10007,9,10
10218,9,10
10429,9,10
10640,9,10
10851,9,10
11062,9,10
11273,9,10
11484,9,10
11695,9,10
11906,9,10
12117,9,10
12328,9,10
12539,9,10
12750,9,10
6390,9,2
6391,9,2
6392,9,2
6393,9,2
6394,9,2
6395,9,2
6396,9,2
6397,9,2
6398,9,2
6399,9,2
6400,9,2
6401,9,2
6402,9,2
6403,9,2
6404,9,2
6405,9,2
6406,9,2
6407,9,2
6408,9,2
6409,9,2
6410,9,2
6411,9,2
6412,9,2
6413,9,2
6414,9,2
6415,9,2
6416,9,2
6417,9,2
6418,9,2
6419,9,2
6420,9,2
6450,10,11
6661,10,11
6872,10,11
7083,10,11
7294,10,11
7505,10,11
7716,10,11
7927,10,11
8138,10,11
8349,10,11
8560,10,11
8771,10,11
8982,10,11
9193,10,11
9404,10,11
9615,10,11
9826,10,11
10037,10,11
10248,10,11
10459,10,11
10670,10,11
10881,10,11
11092,10,11
11303,10,11
11514,10,11
11725,10,11
11936,10,11
12147,10,11
12358,10,11
12569,10,11
12780,10,11
6420,10,3
6421,10,3
6422,10,3
6423,10,3
6424,10,3
6425,10,3
6426,10,3
6427,10,3
6428,10,3
6429,10,3
6430,10,3
6431,10,3
6432,10,3
6433,10,3
6434,10,3
6435,10,3
6436,10,3
6437,10,3
6438,10,3
6439,10,3
6440,10,3
6441,10,3
6442,10,3
6443,10,3
6444,10,3
6445,10,3
6446,10,3
6447,10,3
6448,10,3
6449,10,3
6450,10,3
6480,11,12
6691,11,12
6902,11,12
7113,11,12
7324,11,12
7535,11,12
7746,11,12
7957,11,12
8168,11,12
8379,11,12
8590,11,12
8801,11,12
9012,11,12
9223,11,12
9434,11,12
9645,11,12
9856,11,12
10067,11,12
10278,11,12
10489,11,12
10700,11,12
10911,11,12
11122,11,12
11333,11,12
11544,11,12
11755,11,12
11966,11,12
12177,11,12
12388,11,12
12599,11,12
12810,11,12
6450,11,4
6451,11,4
6452,11,4
6453,11,4
6454,11,4
6455,11,4
6456,11,4
6457,11,4
6458,11,4
6459,11,4
6460,11,4
6461,11,4
6462,11,4
6463,11,4
6464,11,4
6465,11,4
6466,11,4
6467,11,4
6468,11,4
6469,11,4
6470,11,4
6471,11,4
6472,11,4
6473,11,4
6474,11,4
6475,11,4
6476,11,4
6477,11,4
6478,11,4
6479,11,4
6480,11,4
6510,12,13
6721,12,13
6932,12,13
7143,12,13
7354,12,13
7565,12,13
7776,12,13
7987,12,13
8198,12,13
8409,12,13
8620,12,13
8831,12,13
9042,12,13
9253,12,13
9464,12,13
9675,12,13
9886,12,13
10097,12,13
10308,12,13
10519,12,13
10730,12,13
10941,12,13
11152,12,13
11363,12,13
11574,12,13
11785,12,13
11996,12,13
12207,12,13
12418,12,13
12629,12,13
12840,12,13
6480,12,5
6481,12,5
6482,12,5
6483,12,5
6484,12,5
6485,12,5
6486,12,5
6487,12,5
6488,12,5
6489,12,5
6490,12,5
6491,12,5
6492,12,5
6493,12,5
6494,12,5
6495,12,5
6496,12,5
6497,12,5
6498,12,5
6499,12,5
6500,12,5
6501,12,5
6502,12,5
6503,12,5
6504,12,5
6505,12,5
6506,12,5
6507,12,5
6508,12,5
6509,12,5
6510,12,5
6510,13,6
6511,13,6
6512,13,6
6513,13,6
6514,13,6
6515,13,6
6516,13,6
6517,13,6
6518,13,6
6519,13,6
6520,13,6
6521,13,6
6522,13,6
6523,13,6
6524,13,6
6525,13,6
6526,13,6
6527,13,6
6528,13,6
6529,13,6
6530,13,6
6531,13,6
6532,13,6
6533,13,6
6534,13,6
6535,13,6
6536,13,6
6537,13,6
6538,13,6
6539,13,6
6540,13,6
12690,14,15
12901,14,15
13112,14,15
13323,14,15
13534,14,15
13745,14,15
13956,14,15
14167,14,15
14378,14,15
14589,14,15
14800,14,15
15011,14,15
15222,14,15
15433,14,15
15644,14,15
15855,14,15
16066,14,15
16277,14,15
16488,14,15
16699,14,15
16910,14,15
17121,14,15
17332,14,15
17543,14,15
17754,14,15
17965,14,15
18176,14,15
18387,14,15
18598,14,15
18809,14,15
19020,14,15
12660,14,7
12661,14,7
12662,14,7
12663,14,7
12664,14,7
12665,14,7
12666,14,7
12667,14,7
12668,14,7
12669,14,7
12670,14,7
12671,14,7
12672,14,7
12673,14,7
12674,14,7
12675,14,7
12676,14,7
12677,14,7
12678,14,7
12679,14,7
12680,14,7
12681,14,7
12682,14,7
12683,14,7
12684,14,7
12685,14,7
12686,14,7
12687,14,7
12688,14,7
12689,14,7
12690,14,7
12720,15,16
12931,15,16
13142,15,16
13353,15,16
13564,15,16
13775,15,16
13986,15,16
14197,15,16
14408,15,16
14619,15,16
14830,15,16
15041,15,16
15252,15,16
15463,15,16
15674,15,16
15885,15,16
16096,15,16
16307,15,16
16518,15,16
16729,15,16
16940,15,16
17151,15,16
17362,15,16
17573,15,16
17784,15,16
17995,15,16
18206,15,16
18417,15,16
18628,15,16
18839,15,16
19050,15,16
12690,15,8
12691,15,8
12692,15,8
12693,15,8
12694,15,8
12695,15,8
12696,15,8
12697,15,8
12698,15,8
12699,15,8
12700,15,8
12701,15,8
12702,15,8
12703,15,8
12704,15,8
12705,15,8
12706,15,8
12707,15,8
12708,15,8
12709,15,8
12710,15,8
12711,15,8
12712,15,8
12713,15,8
12714,15,8
12715,15,8
12716,15,8
12717,15,8
12718,15,8
12719,15,8
12720,15,8
12750,16,17
12961,16,17
13172,16,17
13383,16,17
13594,16,17
13805,16,17
14016,16,17
14227,16,17
14438,16,17
14649,16,17
14860,16,17
15071,16,17
15282,16,17
15493,16,17
15704,16,17
15915,16,17
16126,16,17
16337,16,17
16548,16,17
16759,16,17
16970,16,17
17181,16,17
17392,16,17
17603,16,17
17814,16,17
18025,16,17
18236,16,17
18447,16,17
18658,16,17
18869,16,17
19080,16,17
12720,16,9
12721,16,9
12722,16,9
12723,16,9
12724,16,9
12725,16,9
12726,16,9
12727,16,9
12728,16,9
12729,16,9
12730,16,9
12731,16,9
12732,16,9
12733,16,9
12734,16,9
12735,16,9
12736,16,9
12737,16,9
12738,16,9
12739,16,9
12740,16,9
12741,16,9
12742,16,9
12743,16,9
12744,16,9
12745,16,9
12746,16,9
12747,16,9
12748,16,9
12749,16,9
12750,16,9
12780,17,18
12991,17,18
13202,17,18
13413,17,18
13624,17,18
13835,17,18
14046,17,18
14257,17,18
14468,17,18
14679,17,18
14890,17,18
15101,17,18
15312,17,18
15523,17,18
15734,17,18
15945,17,18
16156,17,18
16367,17,18
16578,17,18
16789,17,18
17000,17,18
17211,17,18
17422,17,18
17633,17,18
17844,17,18
18055,17,18
18266,17,18
18477,17,18
18688,17,18
18899,17,18
19110,17,18
12750,17,10
12751,17,10
12752,17,10
12753,17,10
12754,17,10
12755,17,10
12756,17,10
12757,17,10
12758,17,10
12759,17,10
12760,17,10
12761,17,10
12762,17,10
12763,17,10
12764,17,10
12765,17,10
12766,17,10
12767,17,10
12768,17,10
12769,17,10
12770,17,10
12771,17,10
12772,17,10
12773,17,10
12774,17,10
12775,17,10
12776,17,10
12777,17,10
12778,17,10
12779,17,10
12780,17,10
12810,18,19
13021,18,19
13232,18,19
13443,18,19
13654,18,19
13865,18,19
14076,18,19
14287,18,19
14498,18,19
14709,18,19
14920,18,19
15131,18,19
15342,18,19
15553,18,19
15764,18,19
15975,18,19
16186,18,19
16397,18,19
16608,18,19
16819,18,19
17030,18,19
17241,18,19
17452,18,19
17663,18,19
17874,18,19
18085,18,19
18296,18,19
18507,18,19
18718,18,19
18929,18,19
19140,18,19
12780,18,11
12781,18,11
12782,18,11
12783,18,11
12784,18,11
12785,18,11
12786,18,11
12787,18,11
12788,18,11
12789,18,11
12790,18,11
12791,18,11
12792,18,11
12793,18,11
12794,18,11
12795,18,11
12796,18,11
12797,18,11
12798,18,11
12799,18,11
12800,18,11
12801,18,11
12802,18,11
12803,18,11
12804,18,11
12805,18,11
12806,18,11
12807,18,11
12808,18,11
12809,18,11
12810,18,11
12840,19,20
13051,19,20
13262,19,20
13473,19,20
13684,19,20
13895,19,20
14106,19,20
14317,19,20
14528,19,20
14739,19,20
14950,19,20
15161,19,20
15372,19,20
15583,19,20
15794,19,20
16005,19,20
16216,19,20
16427,19,20
16638,19,20
16849,19,20
17060,19,20
17271,19,20
17482,19,20
17693,19,20
17904,19,20
18115,19,20
18326,19,20
18537,19,20
18748,19,20
18959,19,20
19170,19,20
12810,19,12
12811,19,12
12812,19,12
12813,19,12
12814,19,12
12815,19,12
12816,19,12
12817,19,12
12818,19,12
12819,19,12
12820,19,12
12821,19,12
12822,19,12
12823,19,12
12824,19,12
12825,19,12
12826,19,12
12827,19,12
12828,19,12
12829,19,12
12830,19,12
12831,19,12
12832,19,12
12833,19,12
12834,19,12
12835,19,12
12836,19,12
12837,19,12
12838,19,12
12839,19,12
12840,19,12
12840,20,13
12841,20,13
12842,20,13
12843,20,13
12844,20,13
12845,20,13
12846,20,13
12847,20,13
12848,20,13
12849,20,13
12850,20,13
12851,20,13
12852,20,13
12853,20,13
12854,20,13
12855,20,13
12856,20,13
12857,20,13
12858,20,13
12859,20,13
12860,20,13
12861,20,13
12862,20,13
12863,20,13
12864,20,13
12865,20,13
12866,20,13
12867,20,13
12868,20,13
12869,20,13
12870,20,13
19020,21,22
19231,21,22
19442,21,22
19653,21,22
19864,21,22
20075,21,22
20286,21,22
20497,21,22
20708,21,22
20919,21,22
21130,21,22
21341,21,22
21552,21,22
21763,21,22
21974,21,22
22185,21,22
22396,21,22
22607,21,22
22818,21,22
23029,21,22
23240,21,22
23451,21,22
23662,21,22
23873,21,22
24084,21,22
24295,21,22
24506,21,22
24717,21,22
24928,21,22
25139,21,22
25350,21,22
18990,21,14
18991,21,14
18992,21,14
18993,21,14
18994,21,14
18995,21,14
18996,21,14
18997,21,14
18998,21,14
18999,21,14
19000,21,14
19001,21,14
19002,21,14
19003,21,14
19004,21,14
19005,21,14
19006,21,14
19007,21,14
19008,21,14
19009,21,14
19010,21,14
19011,21,14
19012,21,14
19013,21,14
19014,21,14
19015,21,14
19016,21,14
19017,21,14
19018,21,14
19019,21,14
19020,21,14
19050,22,23
19261,22,23
19472,22,23
19683,22,23
19894,22,23
20105,22,23
20316,22,23
20527,22,23
20738,22,23
20949,22,23
21160,22,23
21371,22,23
21582,22,23
21793,22,23
22004,22,23
22215,22,23
22426,22,23
22637,22,23
22848,22,23
23059,22,23
23270,22,23
23481,22,23
23692,22,23
23903,22,23
24114,22,23
24325,22,23
24536,22,23
24747,22,23
24958,22,23
25169,22,23
25380,22,23
19020,22,15
19021,22,15
19022,22,15
19023,22,15
19024,22,15
19025,22,15
19026,22,15
19027,22,15
19028,22,15
19029,22,15
19030,22,15
19031,22,15
19032,22,15
19033,22,15
19034,22,15
19035,22,15
19036,22,15
19037,22,15
19038,22,15
19039,22,15
19040,22,15
19041,22,15
19042,22,15
19043,22,15
19044,22,15
19045,22,15
19046,22,15
19047,22,15
19048,22,15
19049,22,15
19050,22,15
19080,23,24
19291,23,24
19502,23,24
19713,23,24
19924,23,24
20135,23,24
20346,23,24
20557,23,24
20768,23,24
20979,23,24
21190,23,24
21401,23,24
21612,23,24
21823,23,24
22034,23,24
22245,23,24
22456,23,24
22667,23,24
22878,23,24
23089,23,24
23300,23,24
23511,23,24
23722,23,24
23933,23,24
24144,23,24
24355,23,24
24566,23,24
24777,23,24
24988,23,24
25199,23,24
25410,23,24
19050,23,16
19051,23,16
19052,23,16
19053,23,16
19054,23,16
19055,23,16
19056,23,16
19057,23,16
19058,23,16
19059,23,16
19060,23,16
19061,23,16
19062,23,16
19063,23,16
19064,23,16
19065,23,16
19066,23,16
19067,23,16
19068,23,16
19069,23,16
19070,23,16
19071,23,16
19072,23,16
19073,23,16
19074,23,16
19075,23,16
19076,23,16
19077,23,16
19078,23,16
19079,23,16
19080,23,16
19110,24,25
19321,24,25
19532,24,25
19743,24,25
19954,24,25
20165,24,25
20376,24,25
20587,24,25
20798,24,25
21009,24,25
21220,24,25
21431,24,25
21642,24,25
21853,24,25
22064,24,25
22275,24,25
22486,24,25
22697,24,25
22908,24,25
23119,24,25
23330,24,25
23541,24,25
23752,24,25
23963,24,25
24174,24,25
24385,24,25
24596,24,25
24807,24,25
25018,24,25
25229,24,25
25440,24,25
19080,24,17
19081,24,17
19082,24,17
19083,24,17
19084,24,17
19085,24,17
19086,24,17
19087,24,17
19088,24,17
19089,24,17
19090,24,17
19091,24,17
19092,24,17
19093,24,17
19094,24,17
19095,24,17
19096,24,17
19097,24,17
19098,24,17
19099,24,17
19100,24,17
19101,24,17
19102,24,17
19103,24,17
19104,24,17
19105,24,17
19106,24,17
19107,24,17
19108,24,17
19109,24,17
19110,24,17
19140,25,26
19351,25,26
19562,25,26
19773,25,26
19984,25,26
20195,25,26
20406,25,26
20617,25,26
20828,25,26
21039,25,26
21250,25,26
21461,25,26
21672,25,26
21883,25,26
22094,25,26
22305,25,26
22516,25,26
22727,25,26
22938,25,26
23149,25,26
23360,25,26
23571,25,26
23782,25,26
23993,25,26
24204,25,26
24415,25,26
24626,25,26
24837,25,26
25048,25,26
25259,25,26
25470,25,26
19110,25,18
19111,25,18
19112,25,18
19113,25,18
19114,25,18
19115,25,18
19116,25,18
19117,25,18
19118,25,18
19119,25,18
19120,25,18
19121,25,18
19122,25,18
19123,25,18
19124,25,18
19125,25,18
19126,25,18
19127,25,18
19128,25,18
19129,25,18
19130,25,18
19131,25,18
19132,25,18
19133,25,18
19134,25,18
19135,25,18
19136,25,18
19137,25,18
19138,25,18
19139,25,18
19140,25,18
19170,26,27
19381,26,27
19592,26,27
19803,26,27
20014,26,27
20225,26,27
20436,26,27
20647,26,27
20858,26,27
21069,26,27
21280,26,27
21491,26,27
21702,26,27
21913,26,27
22124,26,27
22335,26,27
22546,26,27
22757,26,27
22968,26,27
23179,26,27
23390,26,27
23601,26,27
23812,26,27
24023,26,27
24234,26,27
24445,26,27
24656,26,27
24867,26,27
25078,26,27
25289,26,27
25500,26,27
19140,26,19
19141,26,19
19142,26,19
19143,26,19
19144,26,19
19145,26,19
19146,26,19
19147,26,19
19148,26,19
19149,26,19
19150,26,19
19151,26,19
19152,26,19
19153,26,19
19154,26,19
19155,26,19
19156,26,19
19157,26,19
19158,26,19
19159,26,19
19160,26,19
19161,26,19
19162,26,19
19163,26,19
19164,26,19
19165,26,19
19166,26,19
19167,26,19
19168,26,19
19169,26,19
19170,26,19
19170,27,20
19171,27,20
19172,27,20
19173,27,20
19174,27,20
19175,27,20
19176,27,20
19177,27,20
19178,27,20
19179,27,20
19180,27,20
19181,27,20
19182,27,20
19183,27,20
19184,27,20
19185,27,20
19186,27,20
19187,27,20
19188,27,20
19189,27,20
19190,27,20
19191,27,20
19192,27,20
19193,27,20
19194,27,20
19195,27,20
19196,27,20
19197,27,20
19198,27,20
19199,27,20
19200,27,20
25350,28,29
25561,28,29
25772,28,29
25983,28,29
26194,28,29
26405,28,29
26616,28,29
26827,28,29
27038,28,29
27249,28,29
27460,28,29
27671,28,29
27882,28,29
28093,28,29
28304,28,29
28515,28,29
28726,28,29
28937,28,29
29148,28,29
29359,28,29
29570,28,29
29781,28,29
29992,28,29
30203,28,29
30414,28,29
30625,28,29
30836,28,29
31047,28,29
31258,28,29
31469,28,29
31680,28,29
25320,28,21
25321,28,21
25322,28,21
25323,28,21
25324,28,21
25325,28,21
25326,28,21
25327,28,21
25328,28,21
25329,28,21
25330,28,21
25331,28,21
25332,28,21
25333,28,21
25334,28,21
25335,28,21
25336,28,21
25337,28,21
25338,28,21
25339,28,21
25340,28,21
25341,28,21
25342,28,21
25343,28,21
25344,28,21
25345,28,21
25346,28,21
25347,28,21
25348,28,21
25349,28,21
25350,28,21
25380,29,30
25591,29,30
25802,29,30
26013,29,30
26224,29,30
26435,29,30
26646,29,30
26857,29,30
27068,29,30
27279,29,30
27490,29,30
27701,29,30
27912,29,30
28123,29,30
28334,29,30
28545,29,30
28756,29,30
28967,29,30
29178,29,30
29389,29,30
29600,29,30
29811,29,30
30022,29,30
30233,29,30
30444,29,30
30655,29,30
30866,29,30
31077,29,30
31288,29,30
31499,29,30
31710,29,30
25350,29,22
25351,29,22
25352,29,22
25353,29,22
25354,29,22
25355,29,22
25356,29,22
25357,29,22
25358,29,22
25359,29,22
25360,29,22
25361,29,22
25362,29,22
25363,29,22
25364,29,22
25365,29,22
25366,29,22
25367,29,22
25368,29,22
25369,29,22
25370,29,22
25371,29,22
25372,29,22
25373,29,22
25374,29,22
25375,29,22
25376,29,22
25377,29,22
25378,29,22
25379,29,22
25380,29,22
25410,30,31
25621,30,31
25832,30,31
26043,30,31
26254,30,31
26465,30,31
26676,30,31
26887,30,31
27098,30,31
27309,30,31
27520,30,31
27731,30,31
27942,30,31
28153,30,31
28364,30,31
28575,30,31
28786,30,31
28997,30,31
29208,30,31
29419,30,31
29630,30,31
29841,30,31
30052,30,31
30263,30,31
30474,30,31
30685,30,31
30896,30,31
31107,30,31
31318,30,31
31529,30,31
31740,30,31
25380,30,23
25381,30,23
25382,30,23
25383,30,23
25384,30,23
25385,30,23
25386,30,23
25387,30,23
25388,30,23
25389,30,23
25390,30,23
25391,30,23
25392,30,23
25393,30,23
25394,30,23
25395,30,23
25396,30,23
25397,30,23
25398,30,23
25399,30,23
25400,30,23
25401,30,23
25402,30,23
25403,30,23
25404,30,23
25405,30,23
25406,30,23
25407,30,23
25408,30,23
25409,30,23
25410,30,23
25440,31,32
25651,31,32
25862,31,32
26073,31,32
26284,31,32
26495,31,32
26706,31,32
26917,31,32
27128,31,32
27339,31,32
27550,31,32
27761,31,32
27972,31,32
28183,31,32
28394,31,32
28605,31,32
28816,31,32
29027,31,32
29238,31,32
29449,31,32
29660,31,32
29871,31,32
30082,31,32
30293,31,32
30504,31,32
30715,31,32
30926,31,32
31137,31,32
31348,31,32
31559,31,32
31770,31,32
25410,31,24
25411,31,24
25412,31,24
25413,31,24
25414,31,24
25415,31,24
25416,31,24
25417,31,24
25418,31,24
25419,31,24
25420,31,24
25421,31,24
25422,31,24
25423,31,24
25424,31,24
25425,31,24
25426,31,24
25427,31,24
25428,31,24
25429,31,24
25430,31,24
25431,31,24
25432,31,24
25433,31,24
25434,31,24
25435,31,24
25436,31,24
25437,31,24
25438,31,24
25439,31,24
25440,31,24
25470,32,33
25681,32,33
25892,32,33
26103,32,33
26314,32,33
26525,32,33
26736,32,33
26947,32,33
27158,32,33
27369,32,33
27580,32,33
27791,32,33
28002,32,33
28213,32,33
28424,32,33
28635,32,33
28846,32,33
29057,32,33
29268,32,33
29479,32,33
29690,32,33
29901,32,33
30112,32,33
30323,32,33
30534,32,33
30745,32,33
30956,32,33
31167,32,33
31378,32,33
31589,32,33
31800,32,33
25440,32,25
25441,32,25
25442,32,25
25443,32,25
25444,32,25
25445,32,25
25446,32,25
25447,32,25
25448,32,25
25449,32,25
25450,32,25
25451,32,25
25452,32,25
25453,32,25
25454,32,25
25455,32,25
25456,32,25
25457,32,25
25458,32,25
25459,32,25
25460,32,25
25461,32,25
25462,32,25
25463,32,25
25464,32,25
25465,32,25
25466,32,25
25467,32,25
25468,32,25
25469,32,25
25470,32,25
25500,33,34
25711,33,34
25922,33,34
26133,33,34
26344,33,34
26555,33,34
26766,33,34
26977,33,34
27188,33,34
27399,33,34
27610,33,34
27821,33,34
28032,33,34
28243,33,34
28454,33,34
28665,33,34
28876,33,34
29087,33,34
29298,33,34
29509,33,34
29720,33,34
29931,33,34
30142,33,34
30353,33,34
30564,33,34
30775,33,34
30986,33,34
31197,33,34
31408,33,34
31619,33,34
31830,33,34
25470,33,26
25471,33,26
25472,33,26
25473,33,26
25474,33,26
25475,33,26
25476,33,26
25477,33,26
25478,33,26
25479,33,26
25480,33,26
25481,33,26
25482,33,26
25483,33,26
25484,33,26
25485,33,26
25486,33,26
25487,33,26
25488,33,26
25489,33,26
25490,33,26
25491,33,26
25492,33,26
25493,33,26
25494,33,26
25495,33,26
25496,33,26
25497,33,26
25498,33,26
25499,33,26
25500,33,26
25500,34,27
25501,34,27
25502,34,27
25503,34,27
25504,34,27
25505,34,27
25506,34,27
25507,34,27
25508,34,27
25509,34,27
25510,34,27
25511,34,27
25512,34,27
25513,34,27
25514,34,27
25515,34,27
25516,34,27
25517,34,27
25518,34,27
25519,34,27
25520,34,27
25521,34,27
25522,34,27
25523,34,27
25524,34,27
25525,34,27
25526,34,27
25527,34,27
25528,34,27
25529,34,27
25530,34,27
31680,35,36
31891,35,36
32102,35,36
32313,35,36
32524,35,36
32735,35,36
32946,35,36
33157,35,36
33368,35,36
33579,35,36
33790,35,36
34001,35,36
34212,35,36
34423,35,36
34634,35,36
34845,35,36
35056,35,36
35267,35,36
35478,35,36
35689,35,36
35900,35,36
36111,35,36
36322,35,36
36533,35,36
36744,35,36
36955,35,36
37166,35,36
37377,35,36
37588,35,36
37799,35,36
38010,35,36
31650,35,28
31651,35,28
31652,35,28
31653,35,28
31654,35,28
31655,35,28
31656,35,28
31657,35,28
31658,35,28
31659,35,28
31660,35,28
31661,35,28
31662,35,28
31663,35,28
31664,35,28
31665,35,28
31666,35,28
31667,35,28
31668,35,28
31669,35,28
31670,35,28
31671,35,28
31672,35,28
31673,35,28
31674,35,28
31675,35,28
31676,35,28
31677,35,28
31678,35,28
31679,35,28
31680,35,28
31710,36,37
31921,36,37
32132,36,37
32343,36,37
32554,36,37
32765,36,37
32976,36,37
33187,36,37
33398,36,37
33609,36,37
33820,36,37
34031,36,37
34242,36,37
34453,36,37
34664,36,37
34875,36,37
35086,36,37
35297,36,37
35508,36,37
35719,36,37
35930,36,37
36141,36,37
36352,36,37
36563,36,37
36774,36,37
36985,36,37
37196,36,37
37407,36,37
37618,36,37
37829,36,37
38040,36,37
31680,36,29
31681,36,29
31682,36,29
31683,36,29
31684,36,29
31685,36,29
31686,36,29
31687,36,29
31688,36,29
31689,36,29
31690,36,29
31691,36,29
31692,36,29
31693,36,29
31694,36,29
31695,36,29
31696,36,29
31697,36,29
31698,36,29
31699,36,29
31700,36,29
31701,36,29
31702,36,29
31703,36,29
31704,36,29
31705,36,29
31706,36,29
31707,36,29
31708,36,29
31709,36,29
31710,36,29
31740,37,38
31951,37,38
32162,37,38
32373,37,38
32584,37,38
32795,37,38
33006,37,38
33217,37,38
33428,37,38
33639,37,38
33850,37,38
34061,37,38
34272,37,38
34483,37,38
34694,37,38
34905,37,38
35116,37,38
35327,37,38
35538,37,38
35749,37,38
35960,37,38
36171,37,38
36382,37,38
36593,37,38
36804,37,38
37015,37,38
37226,37,38
37437,37,38
37648,37,38
37859,37,38
38070,37,38
31710,37,30
31711,37,30
31712,37,30
31713,37,30
31714,37,30
31715,37,30
31716,37,30
31717,37,30
31718,37,30
31719,37,30
31720,37,30
31721,37,30
31722,37,30
31723,37,30
31724,37,30
31725,37,30
31726,37,30
31727,37,30
31728,37,30
31729,37,30
31730,37,30
31731,37,30
31732,37,30
31733,37,30
31734,37,30
31735,37,30
31736,37,30
31737,37,30
31738,37,30
31739,37,30
31740,37,30
31770,38,39
31981,38,39
32192,38,39
32403,38,39
32614,38,39
32825,38,39
33036,38,39
33247,38,39
33458,38,39
33669,38,39
33880,38,39
34091,38,39
34302,38,39
34513,38,39
34724,38,39
34935,38,39
35146,38,39
35357,38,39
35568,38,39
35779,38,39
35990,38,39
36201,38,39
36412,38,39
36623,38,39
36834,38,39
37045,38,39
37256,38,39
37467,38,39
37678,38,39
37889,38,39
38100,38,39
31740,38,31
31741,38,31
31742,38,31
31743,38,31
31744,38,31
31745,38,31
31746,38,31
31747,38,31
31748,38,31
31749,38,31
31750,38,31
31751,38,31
31752,38,31
31753,38,31
31754,38,31
31755,38,31
31756,38,31
31757,38,31
31758,38,31
31759,38,31
31760,38,31
31761,38,31
31762,38,31
31763,38,31
31764,38,31
31765,38,31
31766,38,31
31767,38,31
31768,38,31
31769,38,31
31770,38,31
31800,39,40
32011,39,40
32222,39,40
32433,39,40
32644,39,40
32855,39,40
33066,39,40
33277,39,40
33488,39,40
33699,39,40
33910,39,40
34121,39,40
34332,39,40
34543,39,40
34754,39,40
34965,39,40
35176,39,40
35387,39,40
35598,39,40
35809,39,40
36020,39,40
36231,39,40
36442,39,40
36653,39,40
36864,39,40
37075,39,40
37286,39,40
37497,39,40
37708,39,40
37919,39,40
38130,39,40
31770,39,32
31771,39,32
31772,39,32
31773,39,32
31774,39,32
31775,39,32
31776,39,32
31777,39,32
31778,39,32
31779,39,32
31780,39,32
31781,39,32
31782,39,32
31783,39,32
31784,39,32
31785,39,32
31786,39,32
31787,39,32
31788,39,32
31789,39,32
31790,39,32
31791,39,32
31792,39,32
31793,39,32
31794,39,32
31795,39,32
31796,39,32
31797,39,32
31798,39,32
31799,39,32
31800,39,32
31830,40,41
32041,40,41
32252,40,41
32463,40,41
32674,40,41
32885,40,41
33096,40,41
33307,40,41
33518,40,41
33729,40,41
33940,40,41
34151,40,41
34362,40,41
34573,40,41
34784,40,41
34995,40,41
35206,40,41
35417,40,41
35628,40,41
35839,40,41
36050,40,41
36261,40,41
36472,40,41
36683,40,41
36894,40,41
37105,40,41
37316,40,41
37527,40,41
37738,40,41
37949,40,41
38160,40,41
31800,40,33
31801,40,33
31802,40,33
31803,40,33
31804,40,33
31805,40,33
31806,40,33
31807,40,33
31808,40,33
31809,40,33
31810,40,33
31811,40,33
31812,40,33
31813,40,33
31814,40,33
31815,40,33
31816,40,33
31817,40,33
31818,40,33
31819,40,33
31820,40,33
31821,40,33
31822,40,33
31823,40,33
31824,40,33
31825,40,33
31826,40,33
31827,40,33
31828,40,33
31829,40,33
31830,40,33
31830,41,34
31831,41,34
31832,41,34
31833,41,34
31834,41,34
31835,41,34
31836,41,34
31837,41,34
31838,41,34
31839,41,34
31840,41,34
31841,41,34
31842,41,34
31843,41,34
31844,41,34
31845,41,34
31846,41,34
31847,41,34
31848,41,34
31849,41,34
31850,41,34
31851,41,34
31852,41,34
31853,41,34
31854,41,34
31855,41,34
31856,41,34
31857,41,34
31858,41,34
31859,41,34
31860,41,34
38010,42,43
38221,42,43
38432,42,43
38643,42,43
38854,42,43
39065,42,43
39276,42,43
39487,42,43
39698,42,43
39909,42,43
40120,42,43
40331,42,43
40542,42,43
40753,42,43
40964,42,43
41175,42,43
41386,42,43
41597,42,43
41808,42,43
42019,42,43
42230,42,43
42441,42,43
42652,42,43
42863,42,43
43074,42,43
43285,42,43
43496,42,43
43707,42,43
43918,42,43
44129,42,43
44340,42,43
37980,42,35
37981,42,35
37982,42,35
37983,42,35
37984,42,35
37985,42,35
37986,42,35
37987,42,35
37988,42,35
37989,42,35
37990,42,35
37991,42,35
37992,42,35
37993,42,35
37994,42,35
37995,42,35
37996,42,35
37997,42,35
37998,42,35
37999,42,35
38000,42,35
38001,42,35
38002,42,35
38003,42,35
38004,42,35
38005,42,35
38006,42,35
38007,42,35
38008,42,35
38009,42,35
38010,42,35
38040,43,44
38251,43,44
38462,43,44
38673,43,44
38884,43,44
39095,43,44
39306,43,44
39517,43,44
39728,43,44
39939,43,44
40150,43,44
40361,43,44
40572,43,44
40783,43,44
40994,43,44
41205,43,44
41416,43,44
41627,43,44
41838,43,44
42049,43,44
42260,43,44
42471,43,44
42682,43,44
42893,43,44
43104,43,44
43315,43,44
43526,43,44
43737,43,44
43948,43,44
44159,43,44
44370,43,44
38010,43,36
38011,43,36
38012,43,36
38013,43,36
38014,43,36
38015,43,36
38016,43,36
38017,43,36
38018,43,36
38019,43,36
38020,43,36
38021,43,36
38022,43,36
38023,43,36
38024,43,36
38025,43,36
38026,43,36
38027,43,36
38028,43,36
38029,43,36
38030,43,36
38031,43,36
38032,43,36
38033,43,36
38034,43,36
38035,43,36
38036,43,36
38037,43,36
38038,43,36
38039,43,36
38040,43,36
38070,44,45
38281,44,45
38492,44,45
38703,44,45
38914,44,45
39125,44,45
39336,44,45
39547,44,45
39758,44,45
39969,44,45
40180,44,45
40391,44,45
40602,44,45
40813,44,45
41024,44,45
41235,44,45
41446,44,45
41657,44,45
41868,44,45
42079,44,45
42290,44,45
42501,44,45
42712,44,45
42923,44,45
43134,44,45
43345,44,45
43556,44,45
43767,44,45
43978,44,45
44189,44,45
44400,44,45
38040,44,37
38041,44,37
38042,44,37
38043,44,37
38044,44,37
38045,44,37
38046,44,37
38047,44,37
38048,44,37
38049,44,37
38050,44,37
38051,44,37
38052,44,37
38053,44,37
38054,44,37
38055,44,37
38056,44,37
38057,44,37
38058,44,37
38059,44,37
38060,44,37
38061,44,37
38062,44,37
38063,44,37
38064,44,37
38065,44,37
38066,44,37
38067,44,37
38068,44,37
38069,44,37
38070,44,37
38100,45,46
38311,45,46
38522,45,46
38733,45,46
38944,45,46
39155,45,46
39366,45,46
39577,45,46
39788,45,46
39999,45,46
40210,45,46
40421,45,46
40632,45,46
40843,45,46
41054,45,46
41265,45,46
41476,45,46
41687,45,46
41898,45,46
42109,45,46
42320,45,46
42531,45,46
42742,45,46
42953,45,46
43164,45,46
43375,45,46
43586,45,46
43797,45,46
44008,45,46
44219,45,46
44430,45,46
38070,45,38
38071,45,38
38072,45,38
38073,45,38
38074,45,38
38075,45,38
38076,45,38
38077,45,38
38078,45,38
38079,45,38
38080,45,38
38081,45,38
38082,45,38
38083,45,38
38084,45,38
38085,45,38
38086,45,38
38087,45,38
38088,45,38
38089,45,38
38090,45,38
38091,45,38
38092,45,38
38093,45,38
38094,45,38
38095,45,38
38096,45,38
38097,45,38
38098,45,38
38099,45,38
38100,45,38
38130,46,47
38341,46,47
38552,46,47
38763,46,47
38974,46,47
39185,46,47
39396,46,47
39607,46,47
39818,46,47
40029,46,47
40240,46,47
40451,46,47
40662,46,47
40873,46,47
41084,46,47
41295,46,47
41506,46,47
41717,46,47
41928,46,47
42139,46,47
42350,46,47
42561,46,47
42772,46,47
42983,46,47
43194,46,47
43405,46,47
43616,46,47
43827,46,47
44038,46,47
44249,46,47
44460,46,47
38100,46,39
38101,46,39
38102,46,39
38103,46,39
38104,46,39
38105,46,39
38106,46,39
38107,46,39
38108,46,39
38109,46,39
38110,46,39
38111,46,39
38112,46,39
38113,46,39
38114,46,39
38115,46,39
38116,46,39
38117,46,39
38118,46,39
38119,46,39
38120,46,39
38121,46,39
38122,46,39
38123,46,39
38124,46,39
38125,46,39
38126,46,39
38127,46,39
38128,46,39
38129,46,39
38130,46,39
38160,47,48
38371,47,48
38582,47,48
38793,47,48
39004,47,48
39215,47,48
39426,47,48
39637,47,48
39848,47,48
40059,47,48
40270,47,48
40481,47,48
40692,47,48
40903,47,48
41114,47,48
41325,47,48
41536,47,48
41747,47,48
41958,47,48
42169,47,48
42380,47,48
42591,47,48
42802,47,48
43013,47,48
43224,47,48
43435,47,48
43646,47,48
43857,47,48
44068,47,48
44279,47,48
44490,47,48
38130,47,40
38131,47,40
38132,47,40
38133,47,40
38134,47,40
38135,47,40
38136,47,40
38137,47,40
38138,47,40
38139,47,40
38140,47,40
38141,47,40
38142,47,40
38143,47,40
38144,47,40
38145,47,40
38146,47,40
38147,47,40
38148,47,40
38149,47,40
38150,47,40
38151,47,40
38152,47,40
38153,47,40
38154,47,40
38155,47,40
38156,47,40
38157,47,40
38158,47,40
38159,47,40
38160,47,40
38160,48,41
38161,48,41
38162,48,41
38163,48,41
38164,48,41
38165,48,41
38166,48,41
38167,48,41
38168,48,41
38169,48,41
38170,48,41
38171,48,41
38172,48,41
38173,48,41
38174,48,41
38175,48,41
38176,48,41
38177,48,41
38178,48,41
38179,48,41
38180,48,41
38181,48,41
38182,48,41
38183,48,41
38184,48,41
38185,48,41
38186,48,41
38187,48,41
38188,48,41
38189,48,41
38190,48,41
